epoc (ms),timestamp (+0800),elapsed (s),x-axis (deg/s),y-axis (deg/s),z-axis (deg/s)
1573804587117,2019-11-15T15.56.27.117,0.000,1.951,-0.305,-0.732
1573804587125,2019-11-15T15.56.27.125,0.008,2.439,0.244,-0.793
1573804587136,2019-11-15T15.56.27.136,0.019,1.829,-0.061,-0.854
1573804587146,2019-11-15T15.56.27.146,0.029,1.463,-0.244,-0.671
1573804587156,2019-11-15T15.56.27.156,0.039,1.280,-0.427,-0.427
1573804587166,2019-11-15T15.56.27.166,0.049,1.220,-0.793,0.000
1573804587177,2019-11-15T15.56.27.177,0.060,1.098,-1.341,0.183
1573804587187,2019-11-15T15.56.27.187,0.070,1.098,-1.585,0.122
1573804587197,2019-11-15T15.56.27.197,0.080,1.402,-1.524,-0.244
1573804587208,2019-11-15T15.56.27.208,0.091,1.646,-1.280,-0.671
1573804587218,2019-11-15T15.56.27.218,0.101,1.646,-1.280,-0.976
1573804587228,2019-11-15T15.56.27.228,0.111,1.463,-1.402,-1.098
1573804587238,2019-11-15T15.56.27.238,0.121,1.159,-1.524,-1.098
1573804587249,2019-11-15T15.56.27.249,0.132,0.854,-1.646,-0.976
1573804587257,2019-11-15T15.56.27.257,0.140,0.854,-1.524,-0.793
1573804587268,2019-11-15T15.56.27.268,0.151,0.793,-1.220,-0.671
1573804587278,2019-11-15T15.56.27.278,0.161,0.549,-0.854,-0.732
1573804587288,2019-11-15T15.56.27.288,0.171,0.427,-0.427,-0.854
1573804587298,2019-11-15T15.56.27.298,0.181,0.305,0.183,-1.098
1573804587309,2019-11-15T15.56.27.309,0.192,0.305,0.427,-1.220
1573804587319,2019-11-15T15.56.27.319,0.202,0.427,0.427,-1.098
1573804587329,2019-11-15T15.56.27.329,0.212,0.732,0.122,-0.976
1573804587339,2019-11-15T15.56.27.339,0.222,1.098,-0.183,-0.854
1573804587350,2019-11-15T15.56.27.350,0.233,1.768,-0.427,-0.793
1573804587360,2019-11-15T15.56.27.360,0.243,2.256,-0.732,-0.671
1573804587370,2019-11-15T15.56.27.370,0.253,2.744,-1.037,-0.732
1573804587380,2019-11-15T15.56.27.380,0.263,2.866,-1.098,-0.915
1573804587389,2019-11-15T15.56.27.389,0.272,2.622,-1.220,-1.037
1573804587399,2019-11-15T15.56.27.399,0.282,2.622,-1.037,-1.159
1573804587410,2019-11-15T15.56.27.410,0.293,2.622,-0.671,-1.402
1573804587420,2019-11-15T15.56.27.420,0.303,2.683,-0.549,-1.524
1573804587430,2019-11-15T15.56.27.430,0.313,2.805,-0.488,-1.524
1573804587440,2019-11-15T15.56.27.440,0.323,2.805,-0.427,-1.220
1573804587451,2019-11-15T15.56.27.451,0.334,2.805,-0.732,-0.915
1573804587461,2019-11-15T15.56.27.461,0.344,2.622,-0.854,-0.671
1573804587471,2019-11-15T15.56.27.471,0.354,2.378,-0.427,-0.854
1573804587481,2019-11-15T15.56.27.481,0.364,2.256,0.305,-1.037
1573804587492,2019-11-15T15.56.27.492,0.375,2.378,0.732,-1.220
1573804587502,2019-11-15T15.56.27.502,0.385,2.622,0.915,-1.098
1573804587512,2019-11-15T15.56.27.512,0.395,3.049,0.610,-0.671
1573804587521,2019-11-15T15.56.27.521,0.404,3.354,0.000,-0.122
1573804587531,2019-11-15T15.56.27.531,0.414,3.598,-0.366,-0.122
1573804587541,2019-11-15T15.56.27.541,0.424,3.963,-0.244,-0.793
1573804587552,2019-11-15T15.56.27.552,0.435,4.146,0.305,-1.463
1573804587562,2019-11-15T15.56.27.562,0.445,4.451,0.732,-2.073
1573804587572,2019-11-15T15.56.27.572,0.455,5.000,0.976,-2.256
1573804587583,2019-11-15T15.56.27.583,0.466,5.244,0.915,-2.317
1573804587593,2019-11-15T15.56.27.593,0.476,5.427,0.976,-2.378
1573804587603,2019-11-15T15.56.27.603,0.486,5.305,1.585,-2.439
1573804587613,2019-11-15T15.56.27.613,0.496,5.061,2.622,-2.622
1573804587624,2019-11-15T15.56.27.624,0.507,4.817,3.537,-2.561
1573804587634,2019-11-15T15.56.27.634,0.517,4.695,4.085,-2.256
1573804587644,2019-11-15T15.56.27.644,0.527,4.451,4.146,-1.829
1573804587653,2019-11-15T15.56.27.653,0.536,4.268,3.720,-1.524
1573804587663,2019-11-15T15.56.27.663,0.546,4.085,3.232,-1.159
1573804587673,2019-11-15T15.56.27.673,0.556,4.024,3.049,-0.854
1573804587684,2019-11-15T15.56.27.684,0.567,4.146,2.927,-0.854
1573804587694,2019-11-15T15.56.27.694,0.577,4.085,3.049,-0.915
1573804587704,2019-11-15T15.56.27.704,0.587,4.024,3.171,-1.037
1573804587714,2019-11-15T15.56.27.714,0.597,3.963,3.171,-1.098
1573804587725,2019-11-15T15.56.27.725,0.608,3.780,2.927,-0.854
1573804587735,2019-11-15T15.56.27.735,0.618,3.659,2.683,-0.732
1573804587745,2019-11-15T15.56.27.745,0.628,3.659,2.500,-0.549
1573804587755,2019-11-15T15.56.27.755,0.638,3.537,2.195,-0.427
1573804587766,2019-11-15T15.56.27.766,0.649,3.476,2.134,-0.488
1573804587774,2019-11-15T15.56.27.774,0.657,3.232,2.195,-0.427
1573804587785,2019-11-15T15.56.27.785,0.668,2.866,2.195,-0.183
1573804587795,2019-11-15T15.56.27.795,0.678,2.500,2.012,0.122
1573804587805,2019-11-15T15.56.27.805,0.688,2.073,1.829,0.427
1573804587815,2019-11-15T15.56.27.815,0.698,1.829,1.585,0.732
1573804587826,2019-11-15T15.56.27.826,0.709,1.646,1.280,0.793
1573804587836,2019-11-15T15.56.27.836,0.719,1.402,1.341,0.549
1573804587846,2019-11-15T15.56.27.846,0.729,1.341,1.402,0.244
1573804587856,2019-11-15T15.56.27.856,0.739,0.976,1.402,-0.061
1573804587867,2019-11-15T15.56.27.867,0.750,0.610,1.220,-0.061
1573804587877,2019-11-15T15.56.27.877,0.760,0.244,0.976,-0.183
1573804587887,2019-11-15T15.56.27.887,0.770,0.000,0.915,-0.366
1573804587897,2019-11-15T15.56.27.897,0.780,-0.183,1.037,-0.549
1573804587908,2019-11-15T15.56.27.908,0.791,-0.183,1.280,-0.854
1573804587916,2019-11-15T15.56.27.916,0.799,-0.244,1.768,-1.098
1573804587927,2019-11-15T15.56.27.927,0.810,-0.244,2.195,-1.159
1573804587937,2019-11-15T15.56.27.937,0.820,-0.244,2.317,-1.280
1573804587947,2019-11-15T15.56.27.947,0.830,-0.122,2.378,-1.098
1573804587958,2019-11-15T15.56.27.958,0.841,-0.122,2.317,-0.915
1573804587968,2019-11-15T15.56.27.968,0.851,0.183,2.012,-0.488
1573804587978,2019-11-15T15.56.27.978,0.861,0.305,1.585,-0.061
1573804587988,2019-11-15T15.56.27.988,0.871,0.244,1.463,-0.122
1573804587999,2019-11-15T15.56.27.999,0.882,0.244,1.646,-0.671
1573804588009,2019-11-15T15.56.28.009,0.892,0.061,1.829,-1.098
1573804588019,2019-11-15T15.56.28.019,0.902,0.000,1.524,-1.341
1573804588029,2019-11-15T15.56.28.029,0.912,-0.061,0.915,-1.280
1573804588038,2019-11-15T15.56.28.038,0.921,-0.061,-0.183,-0.793
1573804588048,2019-11-15T15.56.28.048,0.931,0.000,-1.037,-0.549
1573804588059,2019-11-15T15.56.28.059,0.942,-0.061,-1.402,-0.854
1573804588069,2019-11-15T15.56.28.069,0.952,-0.244,-1.098,-1.402
1573804588079,2019-11-15T15.56.28.079,0.962,-0.122,-0.732,-1.951
1573804588089,2019-11-15T15.56.28.089,0.972,-0.061,-0.549,-2.134
1573804588100,2019-11-15T15.56.28.100,0.983,0.000,-0.671,-2.195
1573804588110,2019-11-15T15.56.28.110,0.993,0.122,-0.793,-2.134
1573804588120,2019-11-15T15.56.28.120,1.003,0.305,-0.549,-2.012
1573804588130,2019-11-15T15.56.28.130,1.013,0.305,-0.061,-2.012
1573804588141,2019-11-15T15.56.28.141,1.024,0.366,0.000,-1.829
1573804588151,2019-11-15T15.56.28.151,1.034,0.244,-0.061,-1.646
1573804588161,2019-11-15T15.56.28.161,1.044,0.000,-0.122,-1.524
1573804588170,2019-11-15T15.56.28.170,1.053,-0.610,-0.122,-1.463
1573804588180,2019-11-15T15.56.28.180,1.063,-0.793,0.000,-1.280
1573804588190,2019-11-15T15.56.28.190,1.073,-0.976,0.305,-1.402
1573804588201,2019-11-15T15.56.28.201,1.084,-0.976,0.732,-1.280
1573804588211,2019-11-15T15.56.28.211,1.094,-0.793,0.610,-0.976
1573804588221,2019-11-15T15.56.28.221,1.104,-0.305,0.244,-0.732
1573804588231,2019-11-15T15.56.28.231,1.114,0.000,0.122,-0.671
1573804588242,2019-11-15T15.56.28.242,1.125,0.183,0.000,-0.793
1573804588252,2019-11-15T15.56.28.252,1.135,0.427,-0.122,-1.037
1573804588262,2019-11-15T15.56.28.262,1.145,0.549,-0.122,-1.463
1573804588272,2019-11-15T15.56.28.272,1.155,0.549,0.000,-1.890
1573804588283,2019-11-15T15.56.28.283,1.166,0.610,-0.061,-1.951
1573804588293,2019-11-15T15.56.28.293,1.176,0.610,-0.427,-1.890
1573804588302,2019-11-15T15.56.28.302,1.185,0.549,-0.549,-1.829
1573804588312,2019-11-15T15.56.28.312,1.195,0.427,-0.549,-1.890
1573804588322,2019-11-15T15.56.28.322,1.205,0.305,-0.610,-1.707
1573804588333,2019-11-15T15.56.28.333,1.216,0.061,-0.610,-1.768
1573804588343,2019-11-15T15.56.28.343,1.226,0.061,-0.549,-1.829
1573804588353,2019-11-15T15.56.28.353,1.236,0.000,-0.305,-1.768
1573804588363,2019-11-15T15.56.28.363,1.246,-0.061,-0.122,-1.585
1573804588374,2019-11-15T15.56.28.374,1.257,-0.061,-0.061,-1.402
1573804588384,2019-11-15T15.56.28.384,1.267,0.061,-0.183,-1.463
1573804588394,2019-11-15T15.56.28.394,1.277,0.061,-0.366,-1.646
1573804588404,2019-11-15T15.56.28.404,1.287,0.061,-0.488,-2.073
1573804588415,2019-11-15T15.56.28.415,1.298,0.061,-0.488,-2.500
1573804588425,2019-11-15T15.56.28.425,1.308,0.000,-0.488,-2.866
1573804588434,2019-11-15T15.56.28.434,1.317,0.061,-0.671,-3.110
1573804588444,2019-11-15T15.56.28.444,1.327,0.122,-0.793,-3.232
1573804588454,2019-11-15T15.56.28.454,1.337,0.183,-0.854,-3.415
1573804588464,2019-11-15T15.56.28.464,1.347,0.488,-0.732,-3.598
1573804588475,2019-11-15T15.56.28.475,1.358,0.793,-0.122,-3.780
1573804588485,2019-11-15T15.56.28.485,1.368,0.915,0.610,-3.537
1573804588495,2019-11-15T15.56.28.495,1.378,1.098,1.037,-3.049
1573804588505,2019-11-15T15.56.28.505,1.388,1.463,1.585,-2.500
1573804588516,2019-11-15T15.56.28.516,1.399,1.524,2.134,-1.951
1573804588526,2019-11-15T15.56.28.526,1.409,1.646,2.317,-1.524
1573804588536,2019-11-15T15.56.28.536,1.419,2.134,2.500,-1.159
1573804588546,2019-11-15T15.56.28.546,1.429,2.561,2.500,-0.671
1573804588557,2019-11-15T15.56.28.557,1.440,3.049,2.012,0.061
1573804588565,2019-11-15T15.56.28.565,1.448,3.476,1.524,0.488
1573804588576,2019-11-15T15.56.28.576,1.459,3.841,1.220,0.610
1573804588586,2019-11-15T15.56.28.586,1.469,3.902,0.976,0.488
1573804588596,2019-11-15T15.56.28.596,1.479,3.780,0.915,0.244
1573804588606,2019-11-15T15.56.28.606,1.489,3.720,0.671,0.000
1573804588617,2019-11-15T15.56.28.617,1.500,3.902,0.366,-0.488
1573804588627,2019-11-15T15.56.28.627,1.510,3.841,0.183,-0.793
1573804588637,2019-11-15T15.56.28.637,1.520,3.598,-0.183,-0.854
1573804588647,2019-11-15T15.56.28.647,1.530,3.415,-0.671,-0.793
1573804588658,2019-11-15T15.56.28.658,1.541,3.171,-1.341,-0.793
1573804588668,2019-11-15T15.56.28.668,1.551,2.988,-1.829,-0.915
1573804588678,2019-11-15T15.56.28.678,1.561,2.744,-2.134,-1.037
1573804588688,2019-11-15T15.56.28.688,1.571,2.500,-2.195,-1.280
1573804588697,2019-11-15T15.56.28.697,1.580,2.317,-2.134,-1.524
1573804588708,2019-11-15T15.56.28.708,1.591,2.256,-1.890,-1.463
1573804588718,2019-11-15T15.56.28.718,1.601,2.073,-1.646,-1.220
1573804588728,2019-11-15T15.56.28.728,1.611,2.073,-1.524,-0.854
1573804588738,2019-11-15T15.56.28.738,1.621,1.829,-1.585,-0.427
1573804588749,2019-11-15T15.56.28.749,1.632,1.524,-1.646,0.000
1573804588759,2019-11-15T15.56.28.759,1.642,1.280,-1.707,0.061
1573804588769,2019-11-15T15.56.28.769,1.652,1.098,-1.585,0.000
1573804588779,2019-11-15T15.56.28.779,1.662,1.098,-1.280,-0.122
1573804588790,2019-11-15T15.56.28.790,1.673,1.037,-1.098,-0.305
1573804588800,2019-11-15T15.56.28.800,1.683,1.220,-1.037,-0.305
1573804588810,2019-11-15T15.56.28.810,1.693,1.341,-0.793,-0.366
1573804588820,2019-11-15T15.56.28.820,1.703,1.402,-0.427,-0.366
1573804588829,2019-11-15T15.56.28.829,1.712,1.463,-0.061,-0.488
1573804588839,2019-11-15T15.56.28.839,1.722,1.524,0.366,-0.366
1573804588850,2019-11-15T15.56.28.850,1.733,1.402,0.366,-0.183
1573804588860,2019-11-15T15.56.28.860,1.743,1.585,0.244,0.122
1573804588870,2019-11-15T15.56.28.870,1.753,1.829,0.122,0.183
1573804588880,2019-11-15T15.56.28.880,1.763,2.134,0.244,0.061
1573804588891,2019-11-15T15.56.28.891,1.774,2.622,0.549,-0.305
1573804588901,2019-11-15T15.56.28.901,1.784,2.927,0.793,-0.610
1573804588911,2019-11-15T15.56.28.911,1.794,3.232,0.793,-0.671
1573804588921,2019-11-15T15.56.28.921,1.804,3.415,0.671,-0.732
1573804588932,2019-11-15T15.56.28.932,1.815,3.476,0.366,-0.549
1573804588942,2019-11-15T15.56.28.942,1.825,3.415,0.061,-0.549
1573804588952,2019-11-15T15.56.28.952,1.835,3.293,-0.122,-0.549
1573804588961,2019-11-15T15.56.28.961,1.844,3.232,-0.061,-0.793
1573804588971,2019-11-15T15.56.28.971,1.854,3.232,-0.061,-0.976
1573804588981,2019-11-15T15.56.28.981,1.864,3.110,-0.122,-1.220
1573804588992,2019-11-15T15.56.28.992,1.875,2.866,-0.305,-1.280
1573804589002,2019-11-15T15.56.29.002,1.885,2.500,-0.305,-1.159
1573804589012,2019-11-15T15.56.29.012,1.895,2.378,-0.610,-0.976
1573804589022,2019-11-15T15.56.29.022,1.905,2.134,-0.915,-0.854
1573804589033,2019-11-15T15.56.29.033,1.916,1.890,-1.037,-0.915
1573804589043,2019-11-15T15.56.29.043,1.926,1.829,-0.976,-1.159
1573804589053,2019-11-15T15.56.29.053,1.936,1.768,-0.976,-1.159
1573804589063,2019-11-15T15.56.29.063,1.946,2.012,-0.732,-1.037
1573804589074,2019-11-15T15.56.29.074,1.957,2.195,-0.488,-0.549
1573804589084,2019-11-15T15.56.29.084,1.967,2.073,-0.854,0.244
1573804589093,2019-11-15T15.56.29.093,1.976,1.768,-1.037,0.671
1573804589103,2019-11-15T15.56.29.103,1.986,1.341,-0.732,0.427
1573804589113,2019-11-15T15.56.29.113,1.996,0.732,-0.366,-0.183
1573804589124,2019-11-15T15.56.29.124,2.007,0.305,0.061,-0.671
1573804589134,2019-11-15T15.56.29.134,2.017,0.122,0.366,-1.159
1573804589144,2019-11-15T15.56.29.144,2.027,0.244,0.549,-1.524
1573804589154,2019-11-15T15.56.29.154,2.037,0.488,0.671,-1.768
1573804589165,2019-11-15T15.56.29.165,2.048,0.671,1.037,-1.951
1573804589175,2019-11-15T15.56.29.175,2.058,0.793,1.220,-1.951
1573804589185,2019-11-15T15.56.29.185,2.068,0.671,1.341,-1.890
1573804589195,2019-11-15T15.56.29.195,2.078,0.488,1.463,-1.768
1573804589206,2019-11-15T15.56.29.206,2.089,0.122,1.402,-1.707
1573804589214,2019-11-15T15.56.29.214,2.097,-0.122,1.280,-1.707
1573804589225,2019-11-15T15.56.29.225,2.108,-0.122,1.402,-1.707
1573804589235,2019-11-15T15.56.29.235,2.118,0.061,1.524,-1.585
1573804589245,2019-11-15T15.56.29.245,2.128,0.305,1.341,-1.402
1573804589255,2019-11-15T15.56.29.255,2.138,0.549,1.098,-1.220
1573804589266,2019-11-15T15.56.29.266,2.149,0.793,0.793,-1.098
1573804589276,2019-11-15T15.56.29.276,2.159,1.037,0.549,-0.976
1573804589286,2019-11-15T15.56.29.286,2.169,1.098,0.366,-1.098
1573804589296,2019-11-15T15.56.29.296,2.179,1.159,0.244,-1.220
1573804589307,2019-11-15T15.56.29.307,2.190,1.098,0.000,-1.341
1573804589317,2019-11-15T15.56.29.317,2.200,1.220,-0.366,-1.280
1573804589327,2019-11-15T15.56.29.327,2.210,1.341,-0.488,-1.463
1573804589337,2019-11-15T15.56.29.337,2.220,1.402,-0.488,-1.341
1573804589346,2019-11-15T15.56.29.346,2.229,1.707,-0.671,-1.280
1573804589356,2019-11-15T15.56.29.356,2.239,1.951,-0.671,-1.341
1573804589367,2019-11-15T15.56.29.367,2.250,2.073,-0.244,-1.463
1573804589377,2019-11-15T15.56.29.377,2.260,2.073,0.122,-1.463
1573804589387,2019-11-15T15.56.29.387,2.270,1.829,0.061,-1.159
1573804589397,2019-11-15T15.56.29.397,2.280,1.707,0.061,-0.976
1573804589408,2019-11-15T15.56.29.408,2.291,1.524,0.061,-1.037
1573804589418,2019-11-15T15.56.29.418,2.301,1.524,0.122,-1.220
1573804589428,2019-11-15T15.56.29.428,2.311,1.707,0.122,-1.402
1573804589438,2019-11-15T15.56.29.438,2.321,2.195,-0.122,-1.280
1573804589449,2019-11-15T15.56.29.449,2.332,2.439,-0.366,-1.159
1573804589459,2019-11-15T15.56.29.459,2.342,2.988,-0.610,-1.037
1573804589469,2019-11-15T15.56.29.469,2.352,3.293,-0.793,-0.976
1573804589478,2019-11-15T15.56.29.478,2.361,3.354,-0.854,-0.976
1573804589488,2019-11-15T15.56.29.488,2.371,3.354,-0.854,-1.280
1573804589499,2019-11-15T15.56.29.499,2.382,2.927,-0.610,-1.524
1573804589509,2019-11-15T15.56.29.509,2.392,2.500,-0.488,-1.463
1573804589519,2019-11-15T15.56.29.519,2.402,2.195,-0.854,-1.037
1573804589529,2019-11-15T15.56.29.529,2.412,1.951,-1.341,-0.488
1573804589540,2019-11-15T15.56.29.540,2.423,1.829,-1.524,-0.244
1573804589550,2019-11-15T15.56.29.550,2.433,1.768,-1.524,-0.366
1573804589560,2019-11-15T15.56.29.560,2.443,1.646,-1.463,-0.488
1573804589570,2019-11-15T15.56.29.570,2.453,1.585,-1.585,-0.549
1573804589581,2019-11-15T15.56.29.581,2.464,1.585,-1.768,-0.427
1573804589591,2019-11-15T15.56.29.591,2.474,1.585,-2.195,-0.244
1573804589601,2019-11-15T15.56.29.601,2.484,1.829,-2.744,-0.244
1573804589610,2019-11-15T15.56.29.610,2.493,2.622,-2.866,-0.610
1573804589620,2019-11-15T15.56.29.620,2.503,3.598,-2.744,-1.037
1573804589630,2019-11-15T15.56.29.630,2.513,4.207,-2.866,-1.280
1573804589641,2019-11-15T15.56.29.641,2.524,4.573,-3.049,-1.402
1573804589651,2019-11-15T15.56.29.651,2.534,4.756,-3.232,-1.463
1573804589661,2019-11-15T15.56.29.661,2.544,4.756,-3.293,-1.524
1573804589671,2019-11-15T15.56.29.671,2.554,4.451,-2.805,-1.585
1573804589682,2019-11-15T15.56.29.682,2.565,3.841,-2.073,-1.646
1573804589692,2019-11-15T15.56.29.692,2.575,3.415,-1.463,-1.341
1573804589702,2019-11-15T15.56.29.702,2.585,2.805,-1.098,-0.854
1573804589712,2019-11-15T15.56.29.712,2.595,2.561,-0.976,-0.488
1573804589723,2019-11-15T15.56.29.723,2.606,2.256,-0.915,-0.183
1573804589733,2019-11-15T15.56.29.733,2.616,2.195,-0.732,0.061
1573804589742,2019-11-15T15.56.29.742,2.625,2.317,-0.488,0.122
1573804589752,2019-11-15T15.56.29.752,2.635,2.439,-0.305,0.183
1573804589762,2019-11-15T15.56.29.762,2.645,2.561,-0.244,0.305
1573804589772,2019-11-15T15.56.29.772,2.655,2.622,-0.244,0.061
1573804589783,2019-11-15T15.56.29.783,2.666,2.561,-0.305,-0.122
1573804589793,2019-11-15T15.56.29.793,2.676,2.561,-0.366,-0.366
1573804589803,2019-11-15T15.56.29.803,2.686,2.378,-0.671,-0.610
1573804589813,2019-11-15T15.56.29.813,2.696,2.073,-1.037,-0.915
1573804589824,2019-11-15T15.56.29.824,2.707,1.646,-1.098,-1.220
1573804589834,2019-11-15T15.56.29.834,2.717,1.280,-1.341,-1.341
1573804589844,2019-11-15T15.56.29.844,2.727,1.037,-1.524,-1.402
1573804589854,2019-11-15T15.56.29.854,2.737,0.793,-1.585,-1.585
1573804589865,2019-11-15T15.56.29.865,2.748,0.610,-1.280,-1.768
1573804589874,2019-11-15T15.56.29.874,2.757,0.366,-0.793,-1.951
1573804589884,2019-11-15T15.56.29.884,2.767,0.183,-0.305,-2.073
1573804589894,2019-11-15T15.56.29.894,2.777,-0.183,0.000,-1.890
1573804589904,2019-11-15T15.56.29.904,2.787,-0.427,0.000,-1.707
1573804589915,2019-11-15T15.56.29.915,2.798,-0.488,-0.183,-1.585
1573804589925,2019-11-15T15.56.29.925,2.808,-0.305,-0.061,-1.646
1573804589935,2019-11-15T15.56.29.935,2.818,-0.183,0.244,-1.646
1573804589945,2019-11-15T15.56.29.945,2.828,-0.244,0.610,-1.585
1573804589956,2019-11-15T15.56.29.956,2.839,-0.366,0.732,-1.646
1573804589966,2019-11-15T15.56.29.966,2.849,-0.549,0.732,-1.524
1573804589976,2019-11-15T15.56.29.976,2.859,-1.037,0.610,-1.341
1573804589986,2019-11-15T15.56.29.986,2.869,-1.524,0.366,-1.280
1573804589995,2019-11-15T15.56.29.995,2.878,-1.646,0.183,-1.463
1573804590005,2019-11-15T15.56.30.005,2.888,-1.524,0.061,-1.646
1573804590016,2019-11-15T15.56.30.016,2.899,-1.220,0.183,-1.829
1573804590026,2019-11-15T15.56.30.026,2.909,-0.732,0.122,-1.829
1573804590036,2019-11-15T15.56.30.036,2.919,-0.549,0.000,-1.829
1573804590046,2019-11-15T15.56.30.046,2.929,-0.610,0.122,-1.951
1573804590057,2019-11-15T15.56.30.057,2.940,-0.915,0.366,-1.829
1573804590067,2019-11-15T15.56.30.067,2.950,-1.402,0.427,-1.707
1573804590077,2019-11-15T15.56.30.077,2.960,-1.707,0.488,-1.402
1573804590087,2019-11-15T15.56.30.087,2.970,-1.768,0.488,-1.098
1573804590098,2019-11-15T15.56.30.098,2.981,-1.646,0.061,-0.488
1573804590108,2019-11-15T15.56.30.108,2.991,-0.976,-0.671,-0.122
1573804590118,2019-11-15T15.56.30.118,3.001,-0.122,-0.976,-0.427
1573804590127,2019-11-15T15.56.30.127,3.010,0.671,-0.976,-1.037
1573804590137,2019-11-15T15.56.30.137,3.020,1.524,-0.793,-1.707
1573804590147,2019-11-15T15.56.30.147,3.030,1.890,-0.854,-2.134
1573804590158,2019-11-15T15.56.30.158,3.041,2.012,-0.671,-2.439
1573804590168,2019-11-15T15.56.30.168,3.051,1.890,-0.610,-2.378
1573804590178,2019-11-15T15.56.30.178,3.061,1.585,-0.732,-2.134
1573804590188,2019-11-15T15.56.30.188,3.071,1.159,-1.098,-1.829
1573804590199,2019-11-15T15.56.30.199,3.082,1.037,-1.220,-1.646
1573804590209,2019-11-15T15.56.30.209,3.092,1.098,-1.037,-1.646
1573804590219,2019-11-15T15.56.30.219,3.102,1.463,-0.671,-1.890
1573804590229,2019-11-15T15.56.30.229,3.112,2.012,-0.183,-2.195
1573804590240,2019-11-15T15.56.30.240,3.123,2.622,0.244,-2.256
1573804590250,2019-11-15T15.56.30.250,3.133,2.988,0.427,-2.012
1573804590260,2019-11-15T15.56.30.260,3.143,2.927,0.305,-1.524
1573804590269,2019-11-15T15.56.30.269,3.152,2.744,0.061,-1.037
1573804590279,2019-11-15T15.56.30.279,3.162,2.500,0.000,-0.976
1573804590290,2019-11-15T15.56.30.290,3.173,2.134,0.183,-1.098
1573804590300,2019-11-15T15.56.30.300,3.183,1.951,0.610,-1.341
1573804590310,2019-11-15T15.56.30.310,3.193,1.829,0.915,-1.585
1573804590320,2019-11-15T15.56.30.320,3.203,2.012,0.976,-1.890
1573804590331,2019-11-15T15.56.30.331,3.214,2.134,1.037,-2.195
1573804590341,2019-11-15T15.56.30.341,3.224,2.256,1.037,-2.012
1573804590351,2019-11-15T15.56.30.351,3.234,2.195,1.037,-1.768
1573804590361,2019-11-15T15.56.30.361,3.244,1.890,1.037,-1.402
1573804590372,2019-11-15T15.56.30.372,3.255,1.402,0.915,-0.976
1573804590382,2019-11-15T15.56.30.382,3.265,0.793,0.793,-0.610
1573804590391,2019-11-15T15.56.30.391,3.274,0.366,0.732,-0.427
1573804590401,2019-11-15T15.56.30.401,3.284,0.000,0.427,-0.244
1573804590411,2019-11-15T15.56.30.411,3.294,-0.122,0.183,0.000
1573804590421,2019-11-15T15.56.30.421,3.304,-0.061,-0.122,0.122
1573804590432,2019-11-15T15.56.30.432,3.315,0.183,-0.549,0.244
1573804590442,2019-11-15T15.56.30.442,3.325,0.610,-1.280,0.549
1573804590452,2019-11-15T15.56.30.452,3.335,0.976,-2.317,0.793
1573804590462,2019-11-15T15.56.30.462,3.345,1.159,-2.988,0.976
1573804590473,2019-11-15T15.56.30.473,3.356,1.280,-3.171,1.159
1573804590483,2019-11-15T15.56.30.483,3.366,1.037,-2.988,0.976
1573804590493,2019-11-15T15.56.30.493,3.376,0.671,-2.744,0.854
1573804590503,2019-11-15T15.56.30.503,3.386,0.366,-2.622,0.610
1573804590514,2019-11-15T15.56.30.514,3.397,0.244,-2.866,0.793
1573804590524,2019-11-15T15.56.30.524,3.407,0.244,-3.293,1.037
1573804590533,2019-11-15T15.56.30.533,3.416,0.427,-3.902,1.098
1573804590543,2019-11-15T15.56.30.543,3.426,0.549,-4.207,0.915
1573804590553,2019-11-15T15.56.30.553,3.436,0.915,-4.024,0.549
1573804590563,2019-11-15T15.56.30.563,3.446,1.159,-3.780,0.183
1573804590574,2019-11-15T15.56.30.574,3.457,1.098,-3.537,-0.061
1573804590584,2019-11-15T15.56.30.584,3.467,0.976,-3.476,0.000
1573804590594,2019-11-15T15.56.30.594,3.477,0.854,-3.841,0.427
1573804590604,2019-11-15T15.56.30.604,3.487,0.793,-4.085,0.488
1573804590615,2019-11-15T15.56.30.615,3.498,0.854,-3.963,0.244
1573804590625,2019-11-15T15.56.30.625,3.508,0.793,-3.598,-0.244
1573804590635,2019-11-15T15.56.30.635,3.518,0.915,-3.232,-0.671
1573804590646,2019-11-15T15.56.30.646,3.529,1.098,-2.683,-1.220
1573804590654,2019-11-15T15.56.30.654,3.537,1.341,-2.256,-1.524
1573804590665,2019-11-15T15.56.30.665,3.548,1.646,-1.890,-1.585
1573804590676,2019-11-15T15.56.30.676,3.559,1.707,-1.646,-1.524
1573804590685,2019-11-15T15.56.30.685,3.568,1.585,-1.402,-1.341
1573804590695,2019-11-15T15.56.30.695,3.578,1.402,-1.159,-1.341
1573804590706,2019-11-15T15.56.30.706,3.589,1.159,-0.915,-1.402
1573804590716,2019-11-15T15.56.30.716,3.599,0.671,-0.488,-1.524
1573804590726,2019-11-15T15.56.30.726,3.609,0.427,-0.244,-1.646
1573804590736,2019-11-15T15.56.30.736,3.619,0.366,0.000,-1.829
1573804590747,2019-11-15T15.56.30.747,3.630,0.610,0.305,-1.768
1573804590757,2019-11-15T15.56.30.757,3.640,0.976,0.244,-1.341
1573804590767,2019-11-15T15.56.30.767,3.650,1.341,-0.244,-0.915
1573804590777,2019-11-15T15.56.30.777,3.660,1.402,-0.549,-0.671
1573804590786,2019-11-15T15.56.30.786,3.669,1.402,-0.732,-0.549
1573804590796,2019-11-15T15.56.30.796,3.679,1.524,-0.793,-0.671
1573804590807,2019-11-15T15.56.30.807,3.690,1.402,-0.793,-0.793
1573804590817,2019-11-15T15.56.30.817,3.700,1.159,-0.671,-0.915
1573804590827,2019-11-15T15.56.30.827,3.710,1.037,-0.732,-1.098
1573804590837,2019-11-15T15.56.30.837,3.720,0.854,-0.671,-1.341
1573804590848,2019-11-15T15.56.30.848,3.731,0.793,-0.793,-1.220
1573804590858,2019-11-15T15.56.30.858,3.741,0.793,-0.976,-0.976
1573804590868,2019-11-15T15.56.30.868,3.751,0.732,-1.098,-0.854
1573804590878,2019-11-15T15.56.30.878,3.761,0.793,-1.098,-0.671
1573804590889,2019-11-15T15.56.30.889,3.772,0.793,-1.037,-0.610
1573804590899,2019-11-15T15.56.30.899,3.782,1.037,-0.732,-0.610
1573804590909,2019-11-15T15.56.30.909,3.792,1.463,-0.305,-0.732
1573804590918,2019-11-15T15.56.30.918,3.801,1.829,0.244,-0.854
1573804590928,2019-11-15T15.56.30.928,3.811,2.073,0.366,-0.732
1573804590938,2019-11-15T15.56.30.938,3.821,2.256,0.183,-0.610
1573804590949,2019-11-15T15.56.30.949,3.832,2.439,-0.122,-0.671
1573804590959,2019-11-15T15.56.30.959,3.842,2.378,-0.427,-0.793
1573804590969,2019-11-15T15.56.30.969,3.852,2.256,-0.671,-0.915
1573804590979,2019-11-15T15.56.30.979,3.862,2.012,-0.732,-1.098
1573804590990,2019-11-15T15.56.30.990,3.873,1.646,-0.732,-1.159
1573804591000,2019-11-15T15.56.31.000,3.883,1.402,-0.610,-1.098
1573804591010,2019-11-15T15.56.31.010,3.893,1.280,-0.671,-0.793
1573804591021,2019-11-15T15.56.31.021,3.904,1.220,-0.793,-0.610
1573804591031,2019-11-15T15.56.31.031,3.914,1.220,-0.915,-0.732
1573804591041,2019-11-15T15.56.31.041,3.924,1.159,-0.854,-0.854
1573804591050,2019-11-15T15.56.31.050,3.933,1.341,-0.793,-0.976
1573804591060,2019-11-15T15.56.31.060,3.943,1.402,-0.793,-0.915
1573804591070,2019-11-15T15.56.31.070,3.953,1.402,-1.159,-0.549
1573804591081,2019-11-15T15.56.31.081,3.964,1.402,-1.768,0.000
1573804591091,2019-11-15T15.56.31.091,3.974,1.524,-2.256,0.183
1573804591101,2019-11-15T15.56.31.101,3.984,1.402,-2.378,-0.244
1573804591111,2019-11-15T15.56.31.111,3.994,1.280,-2.073,-0.854
1573804591122,2019-11-15T15.56.31.122,4.005,1.037,-1.402,-1.463
1573804591132,2019-11-15T15.56.31.132,4.015,1.220,-0.854,-1.890
1573804591142,2019-11-15T15.56.31.142,4.025,1.463,-0.732,-2.134
1573804591152,2019-11-15T15.56.31.152,4.035,1.768,-0.793,-2.073
1573804591163,2019-11-15T15.56.31.163,4.046,2.012,-0.793,-1.829
1573804591173,2019-11-15T15.56.31.173,4.056,1.890,-0.732,-1.524
1573804591182,2019-11-15T15.56.31.182,4.065,1.768,-0.305,-1.341
1573804591192,2019-11-15T15.56.31.192,4.075,1.341,0.183,-1.280
1573804591202,2019-11-15T15.56.31.202,4.085,0.854,0.732,-1.463
1573804591212,2019-11-15T15.56.31.212,4.095,0.244,1.341,-1.524
1573804591223,2019-11-15T15.56.31.223,4.106,-0.061,1.585,-1.524
1573804591233,2019-11-15T15.56.31.233,4.116,-0.183,1.341,-1.341
1573804591243,2019-11-15T15.56.31.243,4.126,-0.061,0.854,-0.976
1573804591253,2019-11-15T15.56.31.253,4.136,0.244,0.000,-0.549
1573804591264,2019-11-15T15.56.31.264,4.147,0.671,-0.549,-0.671
1573804591274,2019-11-15T15.56.31.274,4.157,0.976,-0.671,-0.976
1573804591284,2019-11-15T15.56.31.284,4.167,0.976,-0.427,-1.402
1573804591294,2019-11-15T15.56.31.294,4.177,0.854,0.061,-1.707
1573804591303,2019-11-15T15.56.31.303,4.186,0.671,0.366,-1.829
1573804591313,2019-11-15T15.56.31.313,4.196,0.671,0.366,-1.646
1573804591324,2019-11-15T15.56.31.324,4.207,0.427,0.244,-1.280
1573804591334,2019-11-15T15.56.31.334,4.217,0.427,0.000,-0.854
1573804591344,2019-11-15T15.56.31.344,4.227,0.427,-0.061,-0.732
1573804591354,2019-11-15T15.56.31.354,4.237,0.549,-0.183,-0.793
1573804591365,2019-11-15T15.56.31.365,4.248,0.549,-0.122,-0.732
1573804591375,2019-11-15T15.56.31.375,4.258,0.610,-0.061,-0.854
1573804591385,2019-11-15T15.56.31.385,4.268,0.610,-0.061,-0.854
1573804591396,2019-11-15T15.56.31.396,4.279,0.671,-0.183,-0.549
1573804591406,2019-11-15T15.56.31.406,4.289,0.915,-0.732,-0.488
1573804591416,2019-11-15T15.56.31.416,4.299,1.341,-1.037,-0.366
1573804591426,2019-11-15T15.56.31.426,4.309,1.951,-1.402,-0.366
1573804591435,2019-11-15T15.56.31.435,4.318,2.439,-1.768,-0.610
1573804591445,2019-11-15T15.56.31.445,4.328,2.500,-1.829,-0.915
1573804591456,2019-11-15T15.56.31.456,4.339,2.439,-1.890,-1.220
1573804591466,2019-11-15T15.56.31.466,4.349,2.134,-1.951,-1.402
1573804591476,2019-11-15T15.56.31.476,4.359,1.890,-1.646,-1.463
1573804591486,2019-11-15T15.56.31.486,4.369,1.707,-1.585,-1.280
1573804591497,2019-11-15T15.56.31.497,4.380,1.524,-1.768,-0.793
1573804591507,2019-11-15T15.56.31.507,4.390,1.768,-1.768,-0.427
1573804591517,2019-11-15T15.56.31.517,4.400,1.890,-1.402,-0.488
1573804591527,2019-11-15T15.56.31.527,4.410,2.256,-0.793,-0.671
1573804591538,2019-11-15T15.56.31.538,4.421,2.439,-0.122,-0.854
1573804591548,2019-11-15T15.56.31.548,4.431,2.500,0.305,-0.793
1573804591558,2019-11-15T15.56.31.558,4.441,2.195,0.610,-0.305
1573804591567,2019-11-15T15.56.31.567,4.450,1.890,0.305,0.549
1573804591577,2019-11-15T15.56.31.577,4.460,1.707,-0.244,1.098
1573804591587,2019-11-15T15.56.31.587,4.470,1.646,-0.305,0.854
1573804591598,2019-11-15T15.56.31.598,4.481,1.585,-0.122,0.427
1573804591608,2019-11-15T15.56.31.608,4.491,1.585,0.061,-0.122
1573804591618,2019-11-15T15.56.31.618,4.501,1.768,0.122,-0.671
1573804591628,2019-11-15T15.56.31.628,4.511,1.829,-0.122,-0.854
1573804591639,2019-11-15T15.56.31.639,4.522,1.829,-0.732,-0.732
1573804591649,2019-11-15T15.56.31.649,4.532,1.829,-1.463,-0.549
1573804591659,2019-11-15T15.56.31.659,4.542,1.585,-2.012,-0.427
1573804591669,2019-11-15T15.56.31.669,4.552,1.037,-1.951,-0.549
1573804591680,2019-11-15T15.56.31.680,4.563,0.549,-1.463,-0.854
1573804591690,2019-11-15T15.56.31.690,4.573,0.122,-0.732,-1.159
1573804591699,2019-11-15T15.56.31.699,4.582,-0.244,-0.183,-1.159
1573804591709,2019-11-15T15.56.31.709,4.592,-0.305,-0.061,-0.671
1573804591719,2019-11-15T15.56.31.719,4.602,-0.183,-0.183,0.183
1573804591729,2019-11-15T15.56.31.729,4.612,0.183,-0.427,0.854
1573804591740,2019-11-15T15.56.31.740,4.623,0.671,-0.366,1.220
1573804591750,2019-11-15T15.56.31.750,4.633,0.976,0.061,1.098
1573804591760,2019-11-15T15.56.31.760,4.643,0.915,0.610,0.671
1573804591771,2019-11-15T15.56.31.771,4.654,0.427,1.280,0.183
1573804591781,2019-11-15T15.56.31.781,4.664,-0.244,1.524,-0.122
1573804591791,2019-11-15T15.56.31.791,4.674,-0.793,1.402,-0.244
1573804591801,2019-11-15T15.56.31.801,4.684,-1.220,0.976,-0.366
1573804591812,2019-11-15T15.56.31.812,4.695,-1.159,0.549,-0.305
1573804591822,2019-11-15T15.56.31.822,4.705,-0.976,0.244,-0.244
1573804591831,2019-11-15T15.56.31.831,4.714,-0.549,0.183,-0.427
1573804591841,2019-11-15T15.56.31.841,4.724,-0.061,0.183,-0.488
1573804591851,2019-11-15T15.56.31.851,4.734,0.183,0.122,-0.427
1573804591861,2019-11-15T15.56.31.861,4.744,0.305,-0.061,-0.549
1573804591872,2019-11-15T15.56.31.872,4.755,0.366,-0.183,-0.671
1573804591882,2019-11-15T15.56.31.882,4.765,0.488,-0.122,-0.610
1573804591892,2019-11-15T15.56.31.892,4.775,0.549,-0.244,-0.366
1573804591902,2019-11-15T15.56.31.902,4.785,0.793,-0.549,-0.061
1573804591913,2019-11-15T15.56.31.913,4.796,1.159,-0.976,0.122
1573804591923,2019-11-15T15.56.31.923,4.806,1.585,-1.098,0.122
1573804591933,2019-11-15T15.56.31.933,4.816,1.646,-0.976,-0.122
1573804591943,2019-11-15T15.56.31.943,4.826,1.829,-0.732,-0.549
1573804591954,2019-11-15T15.56.31.954,4.837,1.890,-0.366,-0.854
1573804591962,2019-11-15T15.56.31.962,4.845,1.768,-0.122,-1.037
1573804591973,2019-11-15T15.56.31.973,4.856,1.768,-0.122,-0.915
1573804591983,2019-11-15T15.56.31.983,4.866,1.585,-0.183,-0.854
1573804591993,2019-11-15T15.56.31.993,4.876,1.646,0.122,-1.037
1573804592003,2019-11-15T15.56.32.003,4.886,1.646,0.427,-1.402
1573804592014,2019-11-15T15.56.32.014,4.897,1.768,0.732,-1.707
1573804592024,2019-11-15T15.56.32.024,4.907,2.073,0.976,-1.829
1573804592034,2019-11-15T15.56.32.034,4.917,2.134,0.976,-1.585
1573804592044,2019-11-15T15.56.32.044,4.927,2.195,0.549,-1.159
1573804592055,2019-11-15T15.56.32.055,4.938,2.134,-0.061,-1.037
1573804592065,2019-11-15T15.56.32.065,4.948,2.012,0.000,-1.707
1573804592075,2019-11-15T15.56.32.075,4.958,2.195,0.549,-2.683
1573804592085,2019-11-15T15.56.32.085,4.968,2.744,1.098,-3.659
1573804592094,2019-11-15T15.56.32.094,4.977,3.780,1.341,-4.329
1573804592104,2019-11-15T15.56.32.104,4.987,4.695,1.341,-4.756
1573804592115,2019-11-15T15.56.32.115,4.998,5.854,1.220,-4.817
1573804592125,2019-11-15T15.56.32.125,5.008,6.402,1.159,-4.512
1573804592135,2019-11-15T15.56.32.135,5.018,6.220,1.159,-4.024
1573804592146,2019-11-15T15.56.32.146,5.029,5.793,1.341,-3.659
1573804592156,2019-11-15T15.56.32.156,5.039,5.244,1.646,-3.171
1573804592166,2019-11-15T15.56.32.166,5.049,4.695,1.951,-2.622
1573804592176,2019-11-15T15.56.32.176,5.059,4.329,2.378,-2.134
1573804592187,2019-11-15T15.56.32.187,5.070,4.085,2.622,-1.707
1573804592197,2019-11-15T15.56.32.197,5.080,4.024,2.683,-1.159
1573804592207,2019-11-15T15.56.32.207,5.090,3.598,2.561,-0.549
1573804592216,2019-11-15T15.56.32.216,5.099,3.171,1.951,0.000
1573804592226,2019-11-15T15.56.32.226,5.109,2.561,1.524,0.122
1573804592236,2019-11-15T15.56.32.236,5.119,1.951,1.159,0.000
1573804592247,2019-11-15T15.56.32.247,5.130,1.220,0.732,-0.122
1573804592257,2019-11-15T15.56.32.257,5.140,0.671,0.610,-0.305
1573804592267,2019-11-15T15.56.32.267,5.150,0.122,0.244,-0.549
1573804592277,2019-11-15T15.56.32.277,5.160,-0.244,-0.061,-0.915
1573804592288,2019-11-15T15.56.32.288,5.171,-0.549,-0.366,-0.915
1573804592298,2019-11-15T15.56.32.298,5.181,-0.976,-0.488,-1.037
1573804592308,2019-11-15T15.56.32.308,5.191,-1.463,-0.488,-1.037
1573804592318,2019-11-15T15.56.32.318,5.201,-1.829,-0.488,-0.915
1573804592329,2019-11-15T15.56.32.329,5.212,-2.317,-0.610,-0.671
1573804592339,2019-11-15T15.56.32.339,5.222,-2.683,-0.610,-0.549
1573804592348,2019-11-15T15.56.32.348,5.231,-2.622,-0.549,-0.305
1573804592358,2019-11-15T15.56.32.358,5.241,-2.378,-0.549,-0.183
1573804592368,2019-11-15T15.56.32.368,5.251,-2.134,-0.549,-0.183
1573804592378,2019-11-15T15.56.32.378,5.261,-2.012,-0.427,-0.183
1573804592389,2019-11-15T15.56.32.389,5.272,-1.768,-0.305,-0.183
1573804592399,2019-11-15T15.56.32.399,5.282,-1.524,-0.305,-0.244
1573804592409,2019-11-15T15.56.32.409,5.292,-1.098,-0.427,-0.183
1573804592419,2019-11-15T15.56.32.419,5.302,-0.793,-0.488,-0.244
1573804592430,2019-11-15T15.56.32.430,5.313,-0.488,-0.366,-0.427
1573804592440,2019-11-15T15.56.32.440,5.323,-0.244,-0.183,-0.610
1573804592450,2019-11-15T15.56.32.450,5.333,-0.061,0.061,-0.610
1573804592460,2019-11-15T15.56.32.460,5.343,0.366,0.244,-0.671
1573804592471,2019-11-15T15.56.32.471,5.354,0.671,0.549,-0.854
1573804592479,2019-11-15T15.56.32.479,5.362,1.037,0.915,-0.915
1573804592490,2019-11-15T15.56.32.490,5.373,1.159,1.037,-0.915
1573804592500,2019-11-15T15.56.32.500,5.383,1.280,0.854,-0.854
1573804592510,2019-11-15T15.56.32.510,5.393,1.402,0.854,-0.671
1573804592521,2019-11-15T15.56.32.521,5.404,1.524,0.671,-0.488
1573804592531,2019-11-15T15.56.32.531,5.414,1.524,0.671,-0.244
1573804592541,2019-11-15T15.56.32.541,5.424,1.402,0.610,-0.366
1573804592551,2019-11-15T15.56.32.551,5.434,1.402,0.732,-0.732
1573804592562,2019-11-15T15.56.32.562,5.445,1.463,0.793,-0.915
1573804592572,2019-11-15T15.56.32.572,5.455,1.280,0.915,-1.037
1573804592582,2019-11-15T15.56.32.582,5.465,0.915,1.037,-1.220
1573804592592,2019-11-15T15.56.32.592,5.475,0.854,1.037,-1.159
1573804592603,2019-11-15T15.56.32.603,5.486,0.976,1.159,-1.037
1573804592613,2019-11-15T15.56.32.613,5.496,1.220,1.037,-0.915
1573804592622,2019-11-15T15.56.32.622,5.505,1.159,0.854,-0.793
1573804592632,2019-11-15T15.56.32.632,5.515,0.915,0.793,-0.549
1573804592642,2019-11-15T15.56.32.642,5.525,0.549,0.732,-0.488
1573804592652,2019-11-15T15.56.32.652,5.535,0.183,0.793,-0.488
1573804592663,2019-11-15T15.56.32.663,5.546,-0.305,0.793,-0.366
1573804592673,2019-11-15T15.56.32.673,5.556,-0.549,0.793,-0.244
1573804592683,2019-11-15T15.56.32.683,5.566,-0.976,0.732,0.244
1573804592693,2019-11-15T15.56.32.693,5.576,-1.463,0.244,0.671
1573804592704,2019-11-15T15.56.32.704,5.587,-1.646,-0.183,0.732
1573804592714,2019-11-15T15.56.32.714,5.597,-1.829,-0.427,0.549
1573804592724,2019-11-15T15.56.32.724,5.607,-2.012,-0.366,0.427
1573804592734,2019-11-15T15.56.32.734,5.617,-2.195,-0.366,0.305
1573804592745,2019-11-15T15.56.32.745,5.628,-2.134,-0.366,0.244
1573804592753,2019-11-15T15.56.32.753,5.636,-2.256,-0.366,0.244
1573804592764,2019-11-15T15.56.32.764,5.647,-2.378,-0.366,0.183
1573804592774,2019-11-15T15.56.32.774,5.657,-2.439,-0.366,0.366
1573804592784,2019-11-15T15.56.32.784,5.667,-2.500,-0.427,0.488
1573804592794,2019-11-15T15.56.32.794,5.677,-2.500,-0.427,0.610
1573804592805,2019-11-15T15.56.32.805,5.688,-2.317,-0.061,0.549
1573804592815,2019-11-15T15.56.32.815,5.698,-2.012,0.183,0.610
1573804592825,2019-11-15T15.56.32.825,5.708,-1.585,0.305,0.793
1573804592835,2019-11-15T15.56.32.835,5.718,-1.098,0.488,0.915
1573804592846,2019-11-15T15.56.32.846,5.729,-0.915,0.366,1.098
1573804592856,2019-11-15T15.56.32.856,5.739,-0.732,0.366,1.037
1573804592866,2019-11-15T15.56.32.866,5.749,-0.610,0.549,0.671
1573804592875,2019-11-15T15.56.32.875,5.758,-0.549,0.793,0.488
1573804592885,2019-11-15T15.56.32.885,5.768,-0.610,0.732,0.305
1573804592896,2019-11-15T15.56.32.896,5.779,-0.732,0.305,0.122
1573804592906,2019-11-15T15.56.32.906,5.789,-0.915,-0.122,-0.122
1573804592916,2019-11-15T15.56.32.916,5.799,-1.098,-0.549,-0.366
1573804592926,2019-11-15T15.56.32.926,5.809,-1.159,-0.854,-0.671
1573804592937,2019-11-15T15.56.32.937,5.820,-1.159,-1.037,-0.915
1573804592947,2019-11-15T15.56.32.947,5.830,-1.280,-0.732,-1.220
1573804592957,2019-11-15T15.56.32.957,5.840,-1.280,-0.488,-1.646
1573804592967,2019-11-15T15.56.32.967,5.850,-1.463,-0.366,-1.951
1573804592978,2019-11-15T15.56.32.978,5.861,-1.341,-0.427,-2.012
1573804592988,2019-11-15T15.56.32.988,5.871,-1.220,-0.427,-2.073
1573804592998,2019-11-15T15.56.32.998,5.881,-1.159,-0.549,-1.829
1573804593007,2019-11-15T15.56.33.007,5.890,-0.915,-0.976,-1.463
1573804593017,2019-11-15T15.56.33.017,5.900,-0.549,-1.402,-1.341
1573804593027,2019-11-15T15.56.33.027,5.910,-0.061,-1.463,-1.402
1573804593038,2019-11-15T15.56.33.038,5.921,0.610,-1.220,-1.585
1573804593048,2019-11-15T15.56.33.048,5.931,1.159,-0.976,-1.829
1573804593058,2019-11-15T15.56.33.058,5.941,1.524,-0.915,-2.195
1573804593068,2019-11-15T15.56.33.068,5.951,1.951,-0.854,-2.439
1573804593079,2019-11-15T15.56.33.079,5.962,2.073,-0.915,-2.500
1573804593089,2019-11-15T15.56.33.089,5.972,2.195,-1.159,-2.500
1573804593099,2019-11-15T15.56.33.099,5.982,2.378,-1.524,-2.561
1573804593109,2019-11-15T15.56.33.109,5.992,2.622,-1.951,-2.561
1573804593120,2019-11-15T15.56.33.120,6.003,2.988,-2.317,-2.622
1573804593130,2019-11-15T15.56.33.130,6.013,3.415,-2.500,-2.744
1573804593139,2019-11-15T15.56.33.139,6.022,3.780,-2.622,-2.927
1573804593149,2019-11-15T15.56.33.149,6.032,4.085,-2.683,-2.988
1573804593159,2019-11-15T15.56.33.159,6.042,4.268,-2.622,-2.805
1573804593169,2019-11-15T15.56.33.169,6.052,4.207,-2.805,-2.561
1573804593180,2019-11-15T15.56.33.180,6.063,3.780,-3.110,-2.622
1573804593190,2019-11-15T15.56.33.190,6.073,3.537,-3.293,-2.744
1573804593200,2019-11-15T15.56.33.200,6.083,3.293,-3.415,-2.927
1573804593210,2019-11-15T15.56.33.210,6.093,3.049,-3.598,-3.049
1573804593221,2019-11-15T15.56.33.221,6.104,2.683,-3.659,-3.049
1573804593231,2019-11-15T15.56.33.231,6.114,2.317,-3.598,-3.171
1573804593241,2019-11-15T15.56.33.241,6.124,2.073,-3.293,-3.110
1573804593251,2019-11-15T15.56.33.251,6.134,1.768,-3.049,-3.110
1573804593262,2019-11-15T15.56.33.262,6.145,1.646,-2.683,-2.927
1573804593271,2019-11-15T15.56.33.271,6.154,1.768,-2.378,-2.622
1573804593281,2019-11-15T15.56.33.281,6.164,1.829,-2.256,-2.317
1573804593291,2019-11-15T15.56.33.291,6.174,1.951,-2.134,-2.195
1573804593301,2019-11-15T15.56.33.301,6.184,2.256,-2.073,-2.073
1573804593312,2019-11-15T15.56.33.312,6.195,2.317,-2.073,-2.012
1573804593322,2019-11-15T15.56.33.322,6.205,2.134,-1.890,-2.134
1573804593332,2019-11-15T15.56.33.332,6.215,2.012,-1.707,-2.012
1573804593342,2019-11-15T15.56.33.342,6.225,1.585,-1.707,-1.890
1573804593353,2019-11-15T15.56.33.353,6.236,1.037,-1.585,-1.768
1573804593363,2019-11-15T15.56.33.363,6.246,0.427,-1.341,-1.524
1573804593373,2019-11-15T15.56.33.373,6.256,-0.244,-1.037,-1.341
1573804593383,2019-11-15T15.56.33.383,6.266,-0.915,-0.488,-1.220
1573804593394,2019-11-15T15.56.33.394,6.277,-1.402,0.061,-1.159
1573804593402,2019-11-15T15.56.33.402,6.285,-1.707,0.488,-0.793
1573804593413,2019-11-15T15.56.33.413,6.296,-2.073,0.793,-0.305
1573804593423,2019-11-15T15.56.33.423,6.306,-2.317,1.037,0.000
1573804593433,2019-11-15T15.56.33.433,6.316,-2.500,1.402,0.122
1573804593443,2019-11-15T15.56.33.443,6.326,-2.744,1.951,0.061
1573804593454,2019-11-15T15.56.33.454,6.337,-2.683,2.256,-0.244
1573804593464,2019-11-15T15.56.33.464,6.347,-2.561,2.744,-0.305
1573804593474,2019-11-15T15.56.33.474,6.357,-2.500,3.232,-0.061
1573804593484,2019-11-15T15.56.33.484,6.367,-2.073,3.232,0.366
1573804593495,2019-11-15T15.56.33.495,6.378,-1.402,3.049,0.732
1573804593505,2019-11-15T15.56.33.505,6.388,-0.549,2.805,0.793
1573804593515,2019-11-15T15.56.33.515,6.398,0.122,2.805,0.366
1573804593525,2019-11-15T15.56.33.525,6.408,0.854,2.988,-0.244
1573804593534,2019-11-15T15.56.33.534,6.417,1.402,3.049,-0.793
1573804593544,2019-11-15T15.56.33.544,6.427,1.829,2.805,-1.159
1573804593555,2019-11-15T15.56.33.555,6.438,2.195,2.378,-1.280
1573804593565,2019-11-15T15.56.33.565,6.448,2.378,1.768,-1.280
1573804593575,2019-11-15T15.56.33.575,6.458,2.500,1.341,-1.280
1573804593585,2019-11-15T15.56.33.585,6.468,2.683,0.854,-1.280
1573804593596,2019-11-15T15.56.33.596,6.479,2.927,0.732,-1.341
1573804593606,2019-11-15T15.56.33.606,6.489,3.049,0.793,-1.402
1573804593616,2019-11-15T15.56.33.616,6.499,2.988,0.915,-1.280
1573804593626,2019-11-15T15.56.33.626,6.509,3.171,0.854,-0.976
1573804593637,2019-11-15T15.56.33.637,6.520,2.866,0.854,-0.671
1573804593647,2019-11-15T15.56.33.647,6.530,2.683,0.549,-0.183
1573804593657,2019-11-15T15.56.33.657,6.540,2.317,0.183,0.061
1573804593666,2019-11-15T15.56.33.666,6.549,1.768,-0.244,0.061
1573804593676,2019-11-15T15.56.33.676,6.559,1.524,-0.732,-0.183
1573804593687,2019-11-15T15.56.33.687,6.570,1.098,-1.098,-0.427
1573804593697,2019-11-15T15.56.33.697,6.580,0.915,-1.463,-0.671
1573804593707,2019-11-15T15.56.33.707,6.590,0.915,-1.646,-1.037
1573804593717,2019-11-15T15.56.33.717,6.600,0.976,-2.012,-1.341
1573804593728,2019-11-15T15.56.33.728,6.611,1.159,-2.073,-1.463
1573804593738,2019-11-15T15.56.33.738,6.621,1.159,-2.134,-1.341
1573804593748,2019-11-15T15.56.33.748,6.631,1.098,-2.256,-1.098
1573804593758,2019-11-15T15.56.33.758,6.641,1.159,-2.256,-1.098
1573804593769,2019-11-15T15.56.33.769,6.652,1.037,-2.378,-1.098
1573804593779,2019-11-15T15.56.33.779,6.662,1.280,-2.256,-1.159
1573804593789,2019-11-15T15.56.33.789,6.672,1.524,-1.951,-1.220
1573804593798,2019-11-15T15.56.33.798,6.681,1.707,-1.890,-1.037
1573804593808,2019-11-15T15.56.33.808,6.691,1.829,-2.073,-0.854
1573804593818,2019-11-15T15.56.33.818,6.701,1.951,-2.256,-0.488
1573804593829,2019-11-15T15.56.33.829,6.712,1.951,-2.500,-0.366
1573804593839,2019-11-15T15.56.33.839,6.722,1.829,-2.439,-0.610
1573804593849,2019-11-15T15.56.33.849,6.732,1.646,-2.134,-0.793
1573804593859,2019-11-15T15.56.33.859,6.742,1.280,-1.829,-1.159
1573804593870,2019-11-15T15.56.33.870,6.753,0.549,-1.220,-1.463
1573804593880,2019-11-15T15.56.33.880,6.763,-0.061,-1.159,-1.463
1573804593890,2019-11-15T15.56.33.890,6.773,-0.671,-1.646,-0.854
1573804593900,2019-11-15T15.56.33.900,6.783,-1.159,-2.012,-0.549
1573804593911,2019-11-15T15.56.33.911,6.794,-1.890,-2.073,-0.610
1573804593921,2019-11-15T15.56.33.921,6.804,-2.500,-1.951,-0.976
1573804593930,2019-11-15T15.56.33.930,6.813,-2.866,-1.402,-1.280
1573804593940,2019-11-15T15.56.33.940,6.823,-3.110,-1.098,-1.524
1573804593950,2019-11-15T15.56.33.950,6.833,-3.232,-0.854,-1.220
1573804593960,2019-11-15T15.56.33.960,6.843,-2.866,-1.098,-0.488
1573804593971,2019-11-15T15.56.33.971,6.854,-2.317,-1.280,-0.061
1573804593981,2019-11-15T15.56.33.981,6.864,-2.012,-1.280,-0.061
1573804593991,2019-11-15T15.56.33.991,6.874,-1.768,-0.976,-0.244
1573804594001,2019-11-15T15.56.34.001,6.884,-1.707,-0.427,-0.793
1573804594012,2019-11-15T15.56.34.012,6.895,-1.646,0.000,-1.402
1573804594022,2019-11-15T15.56.34.022,6.905,-1.829,0.244,-1.646
1573804594032,2019-11-15T15.56.34.032,6.915,-1.829,0.244,-1.768
1573804594042,2019-11-15T15.56.34.042,6.925,-2.012,0.000,-1.585
1573804594053,2019-11-15T15.56.34.053,6.936,-2.195,-0.244,-1.341
1573804594062,2019-11-15T15.56.34.062,6.945,-2.134,-0.183,-1.280
1573804594072,2019-11-15T15.56.34.072,6.955,-2.073,0.000,-1.280
1573804594082,2019-11-15T15.56.34.082,6.965,-1.890,0.549,-1.463
1573804594092,2019-11-15T15.56.34.092,6.975,-1.829,1.341,-1.707
1573804594103,2019-11-15T15.56.34.103,6.986,-1.890,2.012,-1.707
1573804594113,2019-11-15T15.56.34.113,6.996,-1.890,2.378,-1.220
1573804594123,2019-11-15T15.56.34.123,7.006,-2.073,2.134,-0.549
1573804594133,2019-11-15T15.56.34.133,7.016,-1.951,1.707,-0.183
1573804594144,2019-11-15T15.56.34.144,7.027,-2.073,1.524,-0.122
1573804594154,2019-11-15T15.56.34.154,7.037,-2.073,1.463,-0.244
1573804594164,2019-11-15T15.56.34.164,7.047,-2.012,1.585,-0.366
1573804594174,2019-11-15T15.56.34.174,7.057,-1.951,1.707,-0.610
1573804594185,2019-11-15T15.56.34.185,7.068,-1.646,1.768,-0.793
1573804594193,2019-11-15T15.56.34.193,7.076,-1.402,1.707,-0.671
1573804594204,2019-11-15T15.56.34.204,7.087,-1.037,1.829,-0.366
1573804594214,2019-11-15T15.56.34.214,7.097,-0.915,1.890,0.122
1573804594224,2019-11-15T15.56.34.224,7.107,-0.549,1.829,0.671
1573804594234,2019-11-15T15.56.34.234,7.117,-0.488,1.829,0.976
1573804594245,2019-11-15T15.56.34.245,7.128,-0.366,1.829,1.220
1573804594255,2019-11-15T15.56.34.255,7.138,-0.244,1.890,1.341
1573804594265,2019-11-15T15.56.34.265,7.148,0.122,1.768,1.402
1573804594275,2019-11-15T15.56.34.275,7.158,0.671,1.524,1.220
1573804594286,2019-11-15T15.56.34.286,7.169,1.280,1.280,0.854
1573804594296,2019-11-15T15.56.34.296,7.179,1.768,0.915,0.488
1573804594306,2019-11-15T15.56.34.306,7.189,2.195,0.549,0.183
1573804594316,2019-11-15T15.56.34.316,7.199,2.500,0.061,0.061
1573804594325,2019-11-15T15.56.34.325,7.208,2.622,-0.244,-0.122
1573804594335,2019-11-15T15.56.34.335,7.218,2.317,-0.610,-0.305
1573804594346,2019-11-15T15.56.34.346,7.229,1.890,-0.671,-0.427
1573804594356,2019-11-15T15.56.34.356,7.239,1.524,-0.488,-0.671
1573804594366,2019-11-15T15.56.34.366,7.249,1.402,-0.488,-0.732
1573804594376,2019-11-15T15.56.34.376,7.259,1.341,-0.610,-0.610
1573804594387,2019-11-15T15.56.34.387,7.270,1.463,-0.488,-0.732
1573804594397,2019-11-15T15.56.34.397,7.280,1.707,-0.366,-0.732
1573804594407,2019-11-15T15.56.34.407,7.290,2.012,-0.549,-0.549
1573804594417,2019-11-15T15.56.34.417,7.300,2.073,-0.671,-0.427
1573804594428,2019-11-15T15.56.34.428,7.311,2.134,-0.793,-0.183
1573804594438,2019-11-15T15.56.34.438,7.321,2.378,-0.976,0.244
1573804594448,2019-11-15T15.56.34.448,7.331,2.622,-1.159,0.549
1573804594457,2019-11-15T15.56.34.457,7.340,2.988,-0.854,0.305
1573804594467,2019-11-15T15.56.34.467,7.350,3.171,-0.610,-0.122
1573804594478,2019-11-15T15.56.34.478,7.361,3.232,-0.610,-0.549
1573804594488,2019-11-15T15.56.34.488,7.371,3.537,-0.732,-0.854
1573804594498,2019-11-15T15.56.34.498,7.381,3.720,-0.976,-1.220
1573804594508,2019-11-15T15.56.34.508,7.391,3.415,-1.280,-1.585
1573804594519,2019-11-15T15.56.34.519,7.402,3.232,-1.341,-1.829
1573804594529,2019-11-15T15.56.34.529,7.412,2.988,-1.524,-1.951
1573804594539,2019-11-15T15.56.34.539,7.422,2.744,-1.524,-2.012
1573804594549,2019-11-15T15.56.34.549,7.432,2.500,-1.220,-2.012
1573804594560,2019-11-15T15.56.34.560,7.443,2.073,-1.037,-1.951
1573804594570,2019-11-15T15.56.34.570,7.453,1.768,-0.793,-1.951
1573804594580,2019-11-15T15.56.34.580,7.463,1.402,-0.427,-1.951
1573804594589,2019-11-15T15.56.34.589,7.472,0.854,-0.244,-1.829
1573804594599,2019-11-15T15.56.34.599,7.482,0.549,-0.305,-1.463
1573804594609,2019-11-15T15.56.34.609,7.492,0.244,-0.549,-1.037
1573804594620,2019-11-15T15.56.34.620,7.503,-0.061,-0.976,-0.732
1573804594630,2019-11-15T15.56.34.630,7.513,-0.244,-1.159,-0.610
1573804594640,2019-11-15T15.56.34.640,7.523,-0.427,-1.220,-0.671
1573804594650,2019-11-15T15.56.34.650,7.533,-0.732,-1.280,-0.793
1573804594661,2019-11-15T15.56.34.661,7.544,-0.793,-1.220,-0.976
1573804594671,2019-11-15T15.56.34.671,7.554,-0.976,-1.098,-1.341
1573804594681,2019-11-15T15.56.34.681,7.564,-0.915,-0.915,-1.524
1573804594691,2019-11-15T15.56.34.691,7.574,-0.915,-0.854,-1.707
1573804594702,2019-11-15T15.56.34.702,7.585,-1.098,-0.854,-1.646
1573804594712,2019-11-15T15.56.34.712,7.595,-1.098,-0.854,-1.524
1573804594721,2019-11-15T15.56.34.721,7.604,-0.732,-0.854,-1.341
1573804594731,2019-11-15T15.56.34.731,7.614,-0.244,-0.793,-1.341
1573804594741,2019-11-15T15.56.34.741,7.624,0.183,-0.488,-1.280
1573804594751,2019-11-15T15.56.34.751,7.634,0.366,0.000,-1.280
1573804594762,2019-11-15T15.56.34.762,7.645,0.732,0.305,-1.341
1573804594772,2019-11-15T15.56.34.772,7.655,0.915,0.549,-1.098
1573804594782,2019-11-15T15.56.34.782,7.665,1.098,0.549,-0.915
1573804594792,2019-11-15T15.56.34.792,7.675,1.220,0.366,-0.732
1573804594803,2019-11-15T15.56.34.803,7.686,1.159,0.122,-0.610
1573804594813,2019-11-15T15.56.34.813,7.696,0.976,-0.183,-0.854
1573804594823,2019-11-15T15.56.34.823,7.706,0.854,-0.183,-1.341
1573804594833,2019-11-15T15.56.34.833,7.716,0.549,0.244,-1.707
1573804594844,2019-11-15T15.56.34.844,7.727,0.366,0.366,-1.707
1573804594853,2019-11-15T15.56.34.853,7.736,0.061,0.244,-1.585
1573804594863,2019-11-15T15.56.34.863,7.746,-0.244,0.122,-1.524
1573804594873,2019-11-15T15.56.34.873,7.756,-0.366,0.122,-1.341
1573804594883,2019-11-15T15.56.34.883,7.766,-0.427,0.000,-1.220
1573804594894,2019-11-15T15.56.34.894,7.777,-0.488,0.061,-0.976
1573804594904,2019-11-15T15.56.34.904,7.787,-0.549,0.061,-0.427
1573804594914,2019-11-15T15.56.34.914,7.797,-0.610,-0.122,0.122
1573804594924,2019-11-15T15.56.34.924,7.807,-0.549,-0.122,0.244
1573804594935,2019-11-15T15.56.34.935,7.818,-0.427,0.061,0.000
1573804594945,2019-11-15T15.56.34.945,7.828,-0.244,0.244,-0.366
1573804594955,2019-11-15T15.56.34.955,7.838,-0.061,0.305,-0.671
1573804594965,2019-11-15T15.56.34.965,7.848,0.366,0.122,-1.037
1573804594976,2019-11-15T15.56.34.976,7.859,0.549,-0.122,-1.341
1573804594984,2019-11-15T15.56.34.984,7.867,0.488,-0.305,-1.524
1573804594995,2019-11-15T15.56.34.995,7.878,0.122,-0.183,-1.707
1573804595005,2019-11-15T15.56.35.005,7.888,-0.366,0.183,-1.951
1573804595015,2019-11-15T15.56.35.015,7.898,-0.854,0.427,-2.012
1573804595025,2019-11-15T15.56.35.025,7.908,-1.159,0.488,-1.890
1573804595036,2019-11-15T15.56.35.036,7.919,-1.098,0.427,-1.585
1573804595046,2019-11-15T15.56.35.046,7.929,-0.915,0.305,-1.341
1573804595056,2019-11-15T15.56.35.056,7.939,-0.610,0.488,-1.220
1573804595066,2019-11-15T15.56.35.066,7.949,-0.549,0.976,-1.220
1573804595077,2019-11-15T15.56.35.077,7.960,-0.610,1.341,-1.037
1573804595087,2019-11-15T15.56.35.087,7.970,-0.610,1.341,-0.915
1573804595097,2019-11-15T15.56.35.097,7.980,-0.610,1.220,-0.671
1573804595107,2019-11-15T15.56.35.107,7.990,-0.915,0.976,-0.427
1573804595116,2019-11-15T15.56.35.116,7.999,-1.037,0.671,-0.427
1573804595126,2019-11-15T15.56.35.126,8.009,-0.976,0.427,-0.488
1573804595137,2019-11-15T15.56.35.137,8.020,-0.854,0.183,-0.915
1573804595147,2019-11-15T15.56.35.147,8.030,-0.732,-0.061,-1.098
1573804595157,2019-11-15T15.56.35.157,8.040,-0.427,-0.244,-1.159
1573804595167,2019-11-15T15.56.35.167,8.050,-0.122,-0.488,-0.976
1573804595178,2019-11-15T15.56.35.178,8.061,0.183,-0.793,-0.854
1573804595188,2019-11-15T15.56.35.188,8.071,0.305,-0.976,-0.854
1573804595198,2019-11-15T15.56.35.198,8.081,0.305,-1.037,-0.793
1573804595208,2019-11-15T15.56.35.208,8.091,0.183,-1.098,-0.732
1573804595219,2019-11-15T15.56.35.219,8.102,0.244,-1.037,-0.854
1573804595229,2019-11-15T15.56.35.229,8.112,0.305,-1.098,-0.976
1573804595239,2019-11-15T15.56.35.239,8.122,0.549,-1.159,-0.854
1573804595248,2019-11-15T15.56.35.248,8.131,0.610,-1.280,-0.854
1573804595258,2019-11-15T15.56.35.258,8.141,0.610,-1.280,-1.098
1573804595269,2019-11-15T15.56.35.269,8.152,0.732,-1.341,-1.341
1573804595279,2019-11-15T15.56.35.279,8.162,0.915,-1.341,-1.524
1573804595289,2019-11-15T15.56.35.289,8.172,0.854,-1.402,-1.646
1573804595299,2019-11-15T15.56.35.299,8.182,0.915,-1.341,-1.829
1573804595310,2019-11-15T15.56.35.310,8.193,0.915,-1.280,-1.829
1573804595320,2019-11-15T15.56.35.320,8.203,0.915,-1.280,-1.524
1573804595330,2019-11-15T15.56.35.330,8.213,1.037,-1.280,-1.280
1573804595340,2019-11-15T15.56.35.340,8.223,1.098,-1.098,-1.159
1573804595351,2019-11-15T15.56.35.351,8.234,1.098,-0.427,-1.220
1573804595361,2019-11-15T15.56.35.361,8.244,0.976,0.183,-1.341
1573804595371,2019-11-15T15.56.35.371,8.254,0.976,0.549,-1.098
1573804595380,2019-11-15T15.56.35.380,8.263,0.976,0.488,-0.549
1573804595390,2019-11-15T15.56.35.390,8.273,1.220,-0.183,0.122
1573804595400,2019-11-15T15.56.35.400,8.283,1.585,-0.793,0.244
1573804595411,2019-11-15T15.56.35.411,8.294,1.829,-0.732,-0.305
1573804595421,2019-11-15T15.56.35.421,8.304,2.317,-0.305,-1.037
1573804595431,2019-11-15T15.56.35.431,8.314,2.805,-0.122,-1.402
1573804595441,2019-11-15T15.56.35.441,8.324,3.293,-0.122,-1.707
1573804595452,2019-11-15T15.56.35.452,8.335,3.720,-0.366,-1.890
1573804595462,2019-11-15T15.56.35.462,8.345,3.659,-0.488,-1.768
1573804595472,2019-11-15T15.56.35.472,8.355,3.232,-0.549,-1.646
1573804595482,2019-11-15T15.56.35.482,8.365,2.744,-0.244,-1.890
1573804595493,2019-11-15T15.56.35.493,8.376,2.195,0.183,-2.012
1573804595503,2019-11-15T15.56.35.503,8.386,1.768,0.366,-1.951
1573804595512,2019-11-15T15.56.35.512,8.395,1.768,0.549,-1.890
1573804595522,2019-11-15T15.56.35.522,8.405,1.890,0.610,-1.707
1573804595532,2019-11-15T15.56.35.532,8.415,2.073,0.610,-1.524
1573804595542,2019-11-15T15.56.35.542,8.425,2.012,0.854,-1.220
1573804595553,2019-11-15T15.56.35.553,8.436,1.951,0.854,-0.732
1573804595563,2019-11-15T15.56.35.563,8.446,1.524,0.732,-0.488
1573804595573,2019-11-15T15.56.35.573,8.456,1.098,0.671,-0.244
1573804595583,2019-11-15T15.56.35.583,8.466,0.732,0.488,0.000
1573804595594,2019-11-15T15.56.35.594,8.477,0.549,0.305,0.061
1573804595604,2019-11-15T15.56.35.604,8.487,0.488,-0.061,-0.061
1573804595614,2019-11-15T15.56.35.614,8.497,0.366,-0.488,-0.305
1573804595625,2019-11-15T15.56.35.625,8.508,0.366,-1.037,-0.671
1573804595635,2019-11-15T15.56.35.635,8.518,0.244,-1.402,-0.976
1573804595644,2019-11-15T15.56.35.644,8.527,0.122,-1.524,-1.280
1573804595654,2019-11-15T15.56.35.654,8.537,0.061,-1.402,-1.463
1573804595664,2019-11-15T15.56.35.664,8.547,0.061,-1.098,-1.402
1573804595674,2019-11-15T15.56.35.674,8.557,0.122,-0.976,-1.220
1573804595685,2019-11-15T15.56.35.685,8.568,0.183,-0.976,-0.793
1573804595695,2019-11-15T15.56.35.695,8.578,0.305,-0.854,-0.427
1573804595705,2019-11-15T15.56.35.705,8.588,0.427,-0.671,-0.244
1573804595715,2019-11-15T15.56.35.715,8.598,0.549,-0.366,-0.366
1573804595726,2019-11-15T15.56.35.726,8.609,0.549,-0.122,-0.488
1573804595736,2019-11-15T15.56.35.736,8.619,0.549,0.061,-0.549
1573804595746,2019-11-15T15.56.35.746,8.629,0.427,0.122,-0.549
1573804595756,2019-11-15T15.56.35.756,8.639,0.488,-0.122,-0.488
1573804595767,2019-11-15T15.56.35.767,8.650,0.305,-0.427,-0.549
1573804595775,2019-11-15T15.56.35.775,8.658,0.000,-0.610,-0.732
1573804595786,2019-11-15T15.56.35.786,8.669,-0.061,-0.671,-1.098
1573804595796,2019-11-15T15.56.35.796,8.679,-0.061,-0.488,-1.463
1573804595806,2019-11-15T15.56.35.806,8.689,0.366,-0.488,-1.341
1573804595816,2019-11-15T15.56.35.816,8.699,1.098,-0.671,-1.159
1573804595827,2019-11-15T15.56.35.827,8.710,1.524,-0.671,-1.220
1573804595837,2019-11-15T15.56.35.837,8.720,1.646,-0.549,-1.280
1573804595847,2019-11-15T15.56.35.847,8.730,1.646,-0.549,-1.402
1573804595857,2019-11-15T15.56.35.857,8.740,1.524,-0.488,-1.341
1573804595868,2019-11-15T15.56.35.868,8.751,1.341,-0.488,-0.854
1573804595878,2019-11-15T15.56.35.878,8.761,1.402,-0.732,-0.244
1573804595888,2019-11-15T15.56.35.888,8.771,1.646,-0.793,0.000
1573804595898,2019-11-15T15.56.35.898,8.781,1.951,-0.549,0.000
1573804595907,2019-11-15T15.56.35.907,8.790,2.134,-0.427,-0.244
1573804595917,2019-11-15T15.56.35.917,8.800,2.378,-0.488,-0.610
1573804595928,2019-11-15T15.56.35.928,8.811,2.317,-0.549,-1.159
1573804595938,2019-11-15T15.56.35.938,8.821,2.134,-0.488,-1.768
1573804595948,2019-11-15T15.56.35.948,8.831,1.646,-0.366,-2.195
1573804595958,2019-11-15T15.56.35.958,8.841,1.159,-0.122,-2.256
1573804595969,2019-11-15T15.56.35.969,8.852,0.732,0.183,-2.317
1573804595979,2019-11-15T15.56.35.979,8.862,0.427,0.305,-1.951
1573804595989,2019-11-15T15.56.35.989,8.872,0.244,0.061,-1.524
1573804596000,2019-11-15T15.56.36.000,8.883,0.305,0.061,-1.341
1573804596010,2019-11-15T15.56.36.010,8.893,0.427,0.488,-1.463
1573804596020,2019-11-15T15.56.36.020,8.903,0.610,0.915,-1.463
1573804596030,2019-11-15T15.56.36.030,8.913,0.488,1.463,-1.280
1573804596039,2019-11-15T15.56.36.039,8.922,0.183,1.402,-0.915
1573804596049,2019-11-15T15.56.36.049,8.932,-0.183,0.976,-0.488
1573804596060,2019-11-15T15.56.36.060,8.943,-0.610,0.549,-0.122
1573804596070,2019-11-15T15.56.36.070,8.953,-1.098,0.122,-0.061
1573804596080,2019-11-15T15.56.36.080,8.963,-1.585,-0.244,-0.244
1573804596090,2019-11-15T15.56.36.090,8.973,-1.768,-0.305,-0.671
1573804596101,2019-11-15T15.56.36.101,8.984,-1.951,-0.244,-1.037
1573804596111,2019-11-15T15.56.36.111,8.994,-2.012,-0.427,-1.280
1573804596121,2019-11-15T15.56.36.121,9.004,-1.951,-0.610,-1.280
1573804596131,2019-11-15T15.56.36.131,9.014,-1.707,-0.793,-1.341
1573804596142,2019-11-15T15.56.36.142,9.025,-1.646,-0.976,-1.280
1573804596152,2019-11-15T15.56.36.152,9.035,-1.707,-0.854,-1.280
1573804596162,2019-11-15T15.56.36.162,9.045,-1.951,-0.549,-1.159
1573804596171,2019-11-15T15.56.36.171,9.054,-2.256,-0.366,-0.793
1573804596181,2019-11-15T15.56.36.181,9.064,-2.439,-0.427,-0.427
1573804596191,2019-11-15T15.56.36.191,9.074,-2.195,-0.244,-0.122
1573804596202,2019-11-15T15.56.36.202,9.085,-1.768,0.061,-0.061
1573804596212,2019-11-15T15.56.36.212,9.095,-1.098,0.366,-0.122
1573804596222,2019-11-15T15.56.36.222,9.105,-0.427,0.488,-0.244
1573804596232,2019-11-15T15.56.36.232,9.115,-0.122,0.427,-0.183
1573804596243,2019-11-15T15.56.36.243,9.126,-0.061,0.183,-0.061
1573804596253,2019-11-15T15.56.36.253,9.136,-0.061,-0.305,-0.183
1573804596263,2019-11-15T15.56.36.263,9.146,-0.610,-0.671,-0.427
1573804596273,2019-11-15T15.56.36.273,9.156,-0.915,-0.854,-0.854
1573804596284,2019-11-15T15.56.36.284,9.167,-1.159,-0.915,-1.341
1573804596294,2019-11-15T15.56.36.294,9.177,-1.037,-1.037,-1.463
1573804596303,2019-11-15T15.56.36.303,9.186,-0.671,-1.098,-1.585
1573804596313,2019-11-15T15.56.36.313,9.196,-0.122,-1.220,-1.524
1573804596323,2019-11-15T15.56.36.323,9.206,0.427,-1.159,-1.585
1573804596333,2019-11-15T15.56.36.333,9.216,0.854,-0.732,-1.829
1573804596344,2019-11-15T15.56.36.344,9.227,1.159,-0.427,-1.829
1573804596354,2019-11-15T15.56.36.354,9.237,1.402,-0.061,-1.402
1573804596364,2019-11-15T15.56.36.364,9.247,1.463,-0.122,-0.549
1573804596375,2019-11-15T15.56.36.375,9.258,1.341,-0.610,0.427
1573804596385,2019-11-15T15.56.36.385,9.268,1.280,-1.037,0.610
1573804596395,2019-11-15T15.56.36.395,9.278,1.402,-0.854,0.000
1573804596405,2019-11-15T15.56.36.405,9.288,1.585,-0.549,-0.549
1573804596416,2019-11-15T15.56.36.416,9.299,2.012,-0.244,-1.220
1573804596426,2019-11-15T15.56.36.426,9.309,2.378,0.000,-1.890
1573804596435,2019-11-15T15.56.36.435,9.318,2.683,-0.122,-2.012
1573804596445,2019-11-15T15.56.36.445,9.328,2.744,-0.549,-1.768
1573804596455,2019-11-15T15.56.36.455,9.338,2.500,-0.732,-1.829
1573804596465,2019-11-15T15.56.36.465,9.348,2.195,-0.488,-2.012
1573804596476,2019-11-15T15.56.36.476,9.359,1.890,0.061,-2.134
1573804596486,2019-11-15T15.56.36.486,9.369,1.707,0.732,-2.256
1573804596496,2019-11-15T15.56.36.496,9.379,1.402,1.341,-2.134
1573804596506,2019-11-15T15.56.36.506,9.389,1.098,1.646,-1.768
1573804596517,2019-11-15T15.56.36.517,9.400,0.854,1.646,-1.341
1573804596527,2019-11-15T15.56.36.527,9.410,0.671,1.463,-0.732
1573804596537,2019-11-15T15.56.36.537,9.420,0.305,1.098,-0.122
1573804596547,2019-11-15T15.56.36.547,9.430,-0.061,0.793,0.061
1573804596558,2019-11-15T15.56.36.558,9.441,-0.427,0.915,-0.122
1573804596566,2019-11-15T15.56.36.566,9.449,-0.671,1.098,-0.366
1573804596577,2019-11-15T15.56.36.577,9.460,-0.976,1.037,-0.427
1573804596587,2019-11-15T15.56.36.587,9.470,-1.220,0.549,-0.427
1573804596597,2019-11-15T15.56.36.597,9.480,-1.463,-0.061,-0.366
1573804596607,2019-11-15T15.56.36.607,9.490,-1.585,-0.671,-0.610
1573804596618,2019-11-15T15.56.36.618,9.501,-1.768,-0.976,-0.854
1573804596628,2019-11-15T15.56.36.628,9.511,-1.646,-0.732,-1.037
1573804596638,2019-11-15T15.56.36.638,9.521,-1.524,-0.427,-1.037
1573804596648,2019-11-15T15.56.36.648,9.531,-0.915,-0.427,-0.854
1573804596659,2019-11-15T15.56.36.659,9.542,-0.305,-0.488,-0.488
1573804596669,2019-11-15T15.56.36.669,9.552,0.244,-0.610,-0.122
1573804596679,2019-11-15T15.56.36.679,9.562,0.793,-0.671,0.061
1573804596689,2019-11-15T15.56.36.689,9.572,0.976,-0.610,0.061
1573804596698,2019-11-15T15.56.36.698,9.581,1.159,-0.671,-0.183
1573804596708,2019-11-15T15.56.36.708,9.591,1.159,-0.671,-0.366
1573804596719,2019-11-15T15.56.36.719,9.602,1.280,-0.671,-0.488
1573804596729,2019-11-15T15.56.36.729,9.612,1.646,-0.854,-0.671
1573804596739,2019-11-15T15.56.36.739,9.622,2.256,-1.037,-0.793
1573804596750,2019-11-15T15.56.36.750,9.633,2.866,-1.098,-0.915
1573804596760,2019-11-15T15.56.36.760,9.643,3.476,-1.280,-0.976
1573804596770,2019-11-15T15.56.36.770,9.653,3.963,-1.341,-1.159
1573804596780,2019-11-15T15.56.36.780,9.663,3.963,-1.341,-1.524
1573804596791,2019-11-15T15.56.36.791,9.674,3.720,-1.159,-1.829
1573804596801,2019-11-15T15.56.36.801,9.684,3.476,-1.037,-1.829
1573804596811,2019-11-15T15.56.36.811,9.694,3.415,-0.793,-1.890
1573804596821,2019-11-15T15.56.36.821,9.704,3.537,-0.427,-2.012
1573804596830,2019-11-15T15.56.36.830,9.713,3.841,0.122,-2.134
1573804596840,2019-11-15T15.56.36.840,9.723,4.268,0.244,-2.012
1573804596851,2019-11-15T15.56.36.851,9.734,4.756,-0.061,-1.524
1573804596861,2019-11-15T15.56.36.861,9.744,5.122,-0.549,-0.671
1573804596871,2019-11-15T15.56.36.871,9.754,5.366,-1.402,0.183
1573804596881,2019-11-15T15.56.36.881,9.764,5.366,-2.073,0.549
1573804596892,2019-11-15T15.56.36.892,9.775,5.122,-2.256,0.122
1573804596902,2019-11-15T15.56.36.902,9.785,5.000,-1.951,-0.305
1573804596912,2019-11-15T15.56.36.912,9.795,4.573,-1.829,-0.793
1573804596922,2019-11-15T15.56.36.922,9.805,4.390,-1.951,-1.220
1573804596933,2019-11-15T15.56.36.933,9.816,4.207,-2.500,-1.341
1573804596943,2019-11-15T15.56.36.943,9.826,4.085,-2.866,-1.524
1573804596953,2019-11-15T15.56.36.953,9.836,4.024,-2.866,-1.646
1573804596962,2019-11-15T15.56.36.962,9.845,3.780,-2.622,-1.646
1573804596972,2019-11-15T15.56.36.972,9.855,3.415,-2.195,-1.524
1573804596982,2019-11-15T15.56.36.982,9.865,3.171,-1.829,-1.402
1573804596993,2019-11-15T15.56.36.993,9.876,2.744,-1.646,-0.976
1573804597003,2019-11-15T15.56.37.003,9.886,2.195,-1.341,-0.671
1573804597013,2019-11-15T15.56.37.013,9.896,1.951,-0.976,-0.671
1573804597023,2019-11-15T15.56.37.023,9.906,1.707,-0.244,-0.793
1573804597034,2019-11-15T15.56.37.034,9.917,1.524,0.000,-0.671
1573804597044,2019-11-15T15.56.37.044,9.927,1.341,0.061,-0.427
1573804597054,2019-11-15T15.56.37.054,9.937,1.159,-0.122,-0.244
1573804597064,2019-11-15T15.56.37.064,9.947,1.220,-0.244,-0.183
1573804597075,2019-11-15T15.56.37.075,9.958,1.159,-0.244,-0.305
1573804597085,2019-11-15T15.56.37.085,9.968,0.671,-0.122,-0.610
1573804597094,2019-11-15T15.56.37.094,9.977,0.122,-0.122,-1.037
1573804597104,2019-11-15T15.56.37.104,9.987,-0.305,0.122,-1.646
1573804597114,2019-11-15T15.56.37.114,9.997,-0.671,0.183,-2.134
1573804597125,2019-11-15T15.56.37.125,10.008,-0.915,-0.122,-2.195
1573804597135,2019-11-15T15.56.37.135,10.018,-0.793,-0.366,-2.073
1573804597145,2019-11-15T15.56.37.145,10.028,-0.366,-0.427,-2.012
1573804597155,2019-11-15T15.56.37.155,10.038,0.000,-0.549,-1.829
1573804597166,2019-11-15T15.56.37.166,10.049,0.305,-0.488,-1.402
1573804597176,2019-11-15T15.56.37.176,10.059,0.366,-0.488,-0.915
1573804597186,2019-11-15T15.56.37.186,10.069,0.305,-0.610,-0.549
1573804597196,2019-11-15T15.56.37.196,10.079,0.244,-0.732,-0.305
1573804597207,2019-11-15T15.56.37.207,10.090,0.183,-0.671,-0.366
1573804597217,2019-11-15T15.56.37.217,10.100,0.183,-0.610,-0.427
1573804597226,2019-11-15T15.56.37.226,10.109,0.244,-0.610,-0.427
1573804597236,2019-11-15T15.56.37.236,10.119,0.610,-0.610,-0.244
1573804597246,2019-11-15T15.56.37.246,10.129,0.976,-0.976,-0.061
1573804597256,2019-11-15T15.56.37.256,10.139,1.098,-1.524,-0.061
1573804597267,2019-11-15T15.56.37.267,10.150,1.220,-1.707,-0.122
1573804597277,2019-11-15T15.56.37.277,10.160,1.037,-1.524,-0.732
1573804597287,2019-11-15T15.56.37.287,10.170,0.610,-1.098,-1.463
1573804597297,2019-11-15T15.56.37.297,10.180,0.244,-0.671,-1.768
1573804597308,2019-11-15T15.56.37.308,10.191,0.000,-0.549,-1.585
1573804597318,2019-11-15T15.56.37.318,10.201,-0.122,-0.671,-1.463
1573804597328,2019-11-15T15.56.37.328,10.211,0.000,-0.793,-1.220
1573804597338,2019-11-15T15.56.37.338,10.221,0.061,-0.671,-1.098
1573804597349,2019-11-15T15.56.37.349,10.232,0.244,-0.488,-1.159
1573804597357,2019-11-15T15.56.37.357,10.240,0.549,0.061,-0.915
1573804597368,2019-11-15T15.56.37.368,10.251,0.671,0.305,-0.549
1573804597378,2019-11-15T15.56.37.378,10.261,1.037,-0.244,0.061
1573804597388,2019-11-15T15.56.37.388,10.271,1.037,-0.488,0.061
1573804597398,2019-11-15T15.56.37.398,10.281,0.793,-0.244,-0.305
1573804597409,2019-11-15T15.56.37.409,10.292,0.366,0.244,-0.854
1573804597419,2019-11-15T15.56.37.419,10.302,0.427,0.488,-1.280
1573804597429,2019-11-15T15.56.37.429,10.312,0.732,0.549,-1.585
1573804597439,2019-11-15T15.56.37.439,10.322,1.220,0.549,-1.768
1573804597450,2019-11-15T15.56.37.450,10.333,1.951,0.488,-1.829
1573804597460,2019-11-15T15.56.37.460,10.343,2.561,0.549,-1.646
1573804597470,2019-11-15T15.56.37.470,10.353,2.805,0.793,-1.768
1573804597480,2019-11-15T15.56.37.480,10.363,2.866,1.037,-1.829
1573804597489,2019-11-15T15.56.37.489,10.372,2.683,1.159,-1.707
1573804597500,2019-11-15T15.56.37.500,10.383,2.317,1.341,-1.829
1573804597510,2019-11-15T15.56.37.510,10.393,2.134,1.402,-1.768
1573804597520,2019-11-15T15.56.37.520,10.403,2.195,1.341,-1.646
1573804597530,2019-11-15T15.56.37.530,10.413,2.500,1.220,-1.341
1573804597541,2019-11-15T15.56.37.541,10.424,2.744,0.976,-1.098
1573804597551,2019-11-15T15.56.37.551,10.434,3.171,0.854,-1.159
1573804597561,2019-11-15T15.56.37.561,10.444,3.476,0.854,-1.220
1573804597571,2019-11-15T15.56.37.571,10.454,3.659,1.037,-1.402
1573804597582,2019-11-15T15.56.37.582,10.465,3.902,1.098,-1.402
1573804597592,2019-11-15T15.56.37.592,10.475,4.207,0.976,-1.463
1573804597602,2019-11-15T15.56.37.602,10.485,4.573,0.976,-1.341
1573804597611,2019-11-15T15.56.37.611,10.494,5.061,0.732,-1.098
1573804597621,2019-11-15T15.56.37.621,10.504,5.610,0.427,-0.915
1573804597631,2019-11-15T15.56.37.631,10.514,5.976,0.427,-0.915
1573804597642,2019-11-15T15.56.37.642,10.525,6.280,0.610,-0.976
1573804597652,2019-11-15T15.56.37.652,10.535,6.280,0.793,-1.280
1573804597662,2019-11-15T15.56.37.662,10.545,5.976,0.854,-1.280
1573804597672,2019-11-15T15.56.37.672,10.555,5.549,0.732,-1.159
1573804597683,2019-11-15T15.56.37.683,10.566,5.061,0.427,-0.915
1573804597693,2019-11-15T15.56.37.693,10.576,4.390,0.183,-0.915
1573804597703,2019-11-15T15.56.37.703,10.586,3.720,0.183,-0.854
1573804597713,2019-11-15T15.56.37.713,10.596,3.415,0.122,-0.793
1573804597724,2019-11-15T15.56.37.724,10.607,2.988,0.183,-0.671
1573804597734,2019-11-15T15.56.37.734,10.617,2.683,0.244,-0.488
1573804597744,2019-11-15T15.56.37.744,10.627,2.622,0.061,-0.305
1573804597753,2019-11-15T15.56.37.753,10.636,2.439,-0.122,-0.244
1573804597763,2019-11-15T15.56.37.763,10.646,1.951,-0.183,-0.488
1573804597773,2019-11-15T15.56.37.773,10.656,1.585,-0.244,-0.671
1573804597784,2019-11-15T15.56.37.784,10.667,0.976,-0.183,-0.793
1573804597794,2019-11-15T15.56.37.794,10.677,0.366,-0.244,-0.488
1573804597804,2019-11-15T15.56.37.804,10.687,-0.061,-0.549,0.000
1573804597814,2019-11-15T15.56.37.814,10.697,-0.488,-1.098,0.488
1573804597825,2019-11-15T15.56.37.825,10.708,-0.793,-1.220,0.305
1573804597835,2019-11-15T15.56.37.835,10.718,-1.159,-0.854,-0.061
1573804597845,2019-11-15T15.56.37.845,10.728,-1.524,-0.488,-0.427
1573804597855,2019-11-15T15.56.37.855,10.738,-1.646,-0.122,-0.671
1573804597866,2019-11-15T15.56.37.866,10.749,-1.829,0.000,-0.549
1573804597876,2019-11-15T15.56.37.876,10.759,-1.890,-0.305,0.061
1573804597885,2019-11-15T15.56.37.885,10.768,-2.012,-0.732,0.610
1573804597895,2019-11-15T15.56.37.895,10.778,-1.951,-0.610,0.732
1573804597905,2019-11-15T15.56.37.905,10.788,-1.768,-0.305,0.610
1573804597916,2019-11-15T15.56.37.916,10.799,-1.646,-0.061,0.427
1573804597926,2019-11-15T15.56.37.926,10.809,-1.220,0.061,0.000
1573804597936,2019-11-15T15.56.37.936,10.819,-1.037,0.183,-0.488
1573804597946,2019-11-15T15.56.37.946,10.829,-0.915,0.183,-0.854
1573804597957,2019-11-15T15.56.37.957,10.840,-0.915,0.000,-1.037
1573804597967,2019-11-15T15.56.37.967,10.850,-1.037,-0.122,-1.037
1573804597977,2019-11-15T15.56.37.977,10.860,-0.976,-0.549,-0.915
1573804597987,2019-11-15T15.56.37.987,10.870,-1.159,-1.280,-0.671
1573804597998,2019-11-15T15.56.37.998,10.881,-1.098,-1.585,-0.732
1573804598006,2019-11-15T15.56.38.006,10.889,-0.854,-1.524,-1.159
1573804598017,2019-11-15T15.56.38.017,10.900,-0.671,-1.098,-1.463
1573804598027,2019-11-15T15.56.38.027,10.910,-0.244,-0.793,-1.402
1573804598037,2019-11-15T15.56.38.037,10.920,0.366,-0.732,-1.037
1573804598047,2019-11-15T15.56.38.047,10.930,0.793,-1.037,-0.854
1573804598058,2019-11-15T15.56.38.058,10.941,1.037,-1.098,-0.793
1573804598068,2019-11-15T15.56.38.068,10.951,1.098,-1.159,-0.671
1573804598078,2019-11-15T15.56.38.078,10.961,1.159,-1.280,-0.732
1573804598088,2019-11-15T15.56.38.088,10.971,1.098,-0.976,-0.854
1573804598099,2019-11-15T15.56.38.099,10.982,0.976,-0.671,-0.976
1573804598109,2019-11-15T15.56.38.109,10.992,0.976,-0.549,-0.915
1573804598119,2019-11-15T15.56.38.119,11.002,1.098,-0.671,-0.854
1573804598129,2019-11-15T15.56.38.129,11.012,1.280,-0.610,-0.854
1573804598138,2019-11-15T15.56.38.138,11.021,1.524,-0.305,-0.976
1573804598148,2019-11-15T15.56.38.148,11.031,1.768,0.000,-1.037
1573804598159,2019-11-15T15.56.38.159,11.042,2.012,0.244,-1.159
1573804598169,2019-11-15T15.56.38.169,11.052,2.195,0.488,-1.037
1573804598179,2019-11-15T15.56.38.179,11.062,2.439,0.610,-0.732
1573804598189,2019-11-15T15.56.38.189,11.072,2.622,0.549,-0.549
1573804598200,2019-11-15T15.56.38.200,11.083,2.317,0.366,-0.488
1573804598210,2019-11-15T15.56.38.210,11.093,2.134,0.061,-0.549
1573804598220,2019-11-15T15.56.38.220,11.103,2.073,-0.244,-0.854
1573804598230,2019-11-15T15.56.38.230,11.113,1.890,-0.610,-1.098
1573804598241,2019-11-15T15.56.38.241,11.124,1.707,-0.793,-1.585
1573804598251,2019-11-15T15.56.38.251,11.134,1.280,-0.915,-2.073
1573804598261,2019-11-15T15.56.38.261,11.144,0.915,-0.976,-2.378
1573804598271,2019-11-15T15.56.38.271,11.154,0.610,-1.098,-2.317
1573804598280,2019-11-15T15.56.38.280,11.163,0.244,-1.098,-2.378
1573804598291,2019-11-15T15.56.38.291,11.174,0.122,-1.037,-2.012
1573804598301,2019-11-15T15.56.38.301,11.184,0.244,-0.732,-1.646
1573804598311,2019-11-15T15.56.38.311,11.194,0.427,-0.244,-1.585
1573804598321,2019-11-15T15.56.38.321,11.204,0.854,0.549,-1.829
1573804598332,2019-11-15T15.56.38.332,11.215,1.098,1.220,-1.951
1573804598342,2019-11-15T15.56.38.342,11.225,1.402,1.524,-1.829
1573804598352,2019-11-15T15.56.38.352,11.235,1.524,1.524,-1.402
1573804598362,2019-11-15T15.56.38.362,11.245,1.402,1.159,-0.732
1573804598373,2019-11-15T15.56.38.373,11.256,1.220,0.732,0.000
1573804598383,2019-11-15T15.56.38.383,11.266,1.341,0.427,0.183
1573804598393,2019-11-15T15.56.38.393,11.276,1.585,0.671,-0.244
1573804598402,2019-11-15T15.56.38.402,11.285,2.012,1.098,-0.976
1573804598412,2019-11-15T15.56.38.412,11.295,2.500,1.280,-1.585
1573804598422,2019-11-15T15.56.38.422,11.305,2.927,1.098,-2.012
1573804598433,2019-11-15T15.56.38.433,11.316,3.354,0.610,-2.073
1573804598443,2019-11-15T15.56.38.443,11.326,3.293,0.061,-2.012
1573804598453,2019-11-15T15.56.38.453,11.336,2.988,-0.366,-1.829
1573804598463,2019-11-15T15.56.38.463,11.346,2.500,-0.671,-1.646
1573804598474,2019-11-15T15.56.38.474,11.357,2.012,-0.915,-1.463
1573804598484,2019-11-15T15.56.38.484,11.367,1.646,-0.976,-1.220
1573804598494,2019-11-15T15.56.38.494,11.377,1.220,-0.854,-1.402
1573804598504,2019-11-15T15.56.38.504,11.387,0.915,-0.488,-1.585
1573804598515,2019-11-15T15.56.38.515,11.398,0.854,-0.305,-1.646
1573804598525,2019-11-15T15.56.38.525,11.408,0.915,-0.122,-1.524
1573804598534,2019-11-15T15.56.38.534,11.417,1.159,-0.244,-1.098
1573804598544,2019-11-15T15.56.38.544,11.427,1.463,-0.610,-0.976
1573804598554,2019-11-15T15.56.38.554,11.437,1.341,-0.793,-0.854
1573804598564,2019-11-15T15.56.38.564,11.447,1.220,-0.671,-1.037
1573804598575,2019-11-15T15.56.38.575,11.458,0.549,-0.610,-1.159
1573804598585,2019-11-15T15.56.38.585,11.468,-0.061,-0.549,-1.280
1573804598595,2019-11-15T15.56.38.595,11.478,-0.671,-0.305,-1.463
1573804598605,2019-11-15T15.56.38.605,11.488,-1.341,-0.366,-1.585
1573804598616,2019-11-15T15.56.38.616,11.499,-1.707,-0.427,-1.463
1573804598626,2019-11-15T15.56.38.626,11.509,-1.951,-0.549,-1.402
1573804598636,2019-11-15T15.56.38.636,11.519,-1.951,-0.488,-1.280
1573804598646,2019-11-15T15.56.38.646,11.529,-1.768,-0.305,-1.220
1573804598657,2019-11-15T15.56.38.657,11.540,-1.707,0.000,-1.098
1573804598666,2019-11-15T15.56.38.666,11.549,-1.463,0.366,-0.915
1573804598676,2019-11-15T15.56.38.676,11.559,-1.463,0.732,-0.854
1573804598686,2019-11-15T15.56.38.686,11.569,-1.341,0.732,-0.793
1573804598696,2019-11-15T15.56.38.696,11.579,-1.463,0.366,-0.671
1573804598707,2019-11-15T15.56.38.707,11.590,-1.585,0.122,-0.610
1573804598717,2019-11-15T15.56.38.717,11.600,-1.524,-0.305,-0.793
1573804598727,2019-11-15T15.56.38.727,11.610,-1.280,-0.549,-0.915
1573804598737,2019-11-15T15.56.38.737,11.620,-1.037,-0.793,-1.098
1573804598748,2019-11-15T15.56.38.748,11.631,-0.976,-1.159,-1.159
1573804598758,2019-11-15T15.56.38.758,11.641,-0.915,-1.402,-1.220
1573804598768,2019-11-15T15.56.38.768,11.651,-0.732,-1.707,-1.402
1573804598778,2019-11-15T15.56.38.778,11.661,-0.854,-1.707,-1.524
1573804598789,2019-11-15T15.56.38.789,11.672,-0.854,-1.524,-1.585
1573804598797,2019-11-15T15.56.38.797,11.680,-0.610,-1.585,-1.280
1573804598808,2019-11-15T15.56.38.808,11.691,-0.427,-1.585,-1.098
1573804598818,2019-11-15T15.56.38.818,11.701,-0.244,-1.463,-1.037
1573804598828,2019-11-15T15.56.38.828,11.711,-0.122,-1.280,-0.976
1573804598838,2019-11-15T15.56.38.838,11.721,-0.122,-1.220,-0.793
1573804598849,2019-11-15T15.56.38.849,11.732,-0.061,-1.280,-0.366
1573804598859,2019-11-15T15.56.38.859,11.742,0.000,-1.402,0.183
1573804598869,2019-11-15T15.56.38.869,11.752,-0.061,-1.707,0.671
1573804598879,2019-11-15T15.56.38.879,11.762,-0.061,-1.524,0.488
1573804598890,2019-11-15T15.56.38.890,11.773,-0.061,-1.037,-0.061
1573804598900,2019-11-15T15.56.38.900,11.783,-0.122,-0.549,-0.549
1573804598910,2019-11-15T15.56.38.910,11.793,0.061,-0.305,-0.793
1573804598920,2019-11-15T15.56.38.920,11.803,0.244,-0.488,-0.976
1573804598929,2019-11-15T15.56.38.929,11.812,0.427,-0.793,-1.159
1573804598939,2019-11-15T15.56.38.939,11.822,0.305,-0.854,-1.280
1573804598950,2019-11-15T15.56.38.950,11.833,0.061,-0.610,-1.220
1573804598960,2019-11-15T15.56.38.960,11.843,-0.366,-0.244,-1.220
1573804598970,2019-11-15T15.56.38.970,11.853,-0.366,0.244,-1.220
1573804598980,2019-11-15T15.56.38.980,11.863,-0.488,0.488,-1.037
1573804598991,2019-11-15T15.56.38.991,11.874,-0.244,0.549,-0.793
1573804599001,2019-11-15T15.56.39.001,11.884,-0.061,0.610,-0.732
1573804599011,2019-11-15T15.56.39.011,11.894,0.061,0.610,-0.793
1573804599021,2019-11-15T15.56.39.021,11.904,0.061,0.549,-0.549
1573804599032,2019-11-15T15.56.39.032,11.915,-0.183,0.305,-0.183
1573804599042,2019-11-15T15.56.39.042,11.925,-0.488,-0.183,0.000
1573804599052,2019-11-15T15.56.39.052,11.935,-0.732,-0.366,0.122
1573804599061,2019-11-15T15.56.39.061,11.944,-1.037,-0.305,-0.061
1573804599071,2019-11-15T15.56.39.071,11.954,-0.915,-0.305,-0.122
1573804599082,2019-11-15T15.56.39.082,11.965,-0.671,-0.488,-0.183
1573804599092,2019-11-15T15.56.39.092,11.975,-0.366,-0.671,-0.427
1573804599102,2019-11-15T15.56.39.102,11.985,-0.061,-0.854,-0.732
1573804599112,2019-11-15T15.56.39.112,11.995,0.122,-0.854,-0.732
1573804599123,2019-11-15T15.56.39.123,12.006,0.183,-0.976,-0.610
1573804599133,2019-11-15T15.56.39.133,12.016,0.061,-1.037,-0.244
1573804599143,2019-11-15T15.56.39.143,12.026,-0.122,-1.220,0.061
1573804599153,2019-11-15T15.56.39.153,12.036,-0.305,-1.402,0.305
1573804599164,2019-11-15T15.56.39.164,12.047,-0.488,-1.402,0.366
1573804599174,2019-11-15T15.56.39.174,12.057,-0.427,-1.220,0.244
1573804599184,2019-11-15T15.56.39.184,12.067,-0.183,-0.976,-0.183
1573804599193,2019-11-15T15.56.39.193,12.076,0.183,-0.732,-0.488
1573804599203,2019-11-15T15.56.39.203,12.086,0.549,-0.488,-0.610
1573804599213,2019-11-15T15.56.39.213,12.096,0.854,-0.610,-0.549
1573804599224,2019-11-15T15.56.39.224,12.107,0.976,-0.671,-0.488
1573804599234,2019-11-15T15.56.39.234,12.117,1.098,-0.793,-0.427
1573804599244,2019-11-15T15.56.39.244,12.127,1.098,-0.793,-0.427
1573804599254,2019-11-15T15.56.39.254,12.137,1.098,-0.854,-0.549
1573804599265,2019-11-15T15.56.39.265,12.148,0.854,-0.549,-0.976
1573804599275,2019-11-15T15.56.39.275,12.158,0.732,-0.061,-1.220
1573804599285,2019-11-15T15.56.39.285,12.168,0.854,0.122,-1.220
1573804599295,2019-11-15T15.56.39.295,12.178,1.280,0.061,-1.098
1573804599306,2019-11-15T15.56.39.306,12.189,1.768,-0.061,-0.854
1573804599316,2019-11-15T15.56.39.316,12.199,2.134,-0.061,-0.732
1573804599325,2019-11-15T15.56.39.325,12.208,2.378,0.000,-0.793
1573804599335,2019-11-15T15.56.39.335,12.218,2.195,-0.183,-0.671
1573804599345,2019-11-15T15.56.39.345,12.228,1.646,-0.305,-0.732
1573804599355,2019-11-15T15.56.39.355,12.238,1.098,-0.488,-0.305
1573804599366,2019-11-15T15.56.39.366,12.249,0.610,-0.854,-0.244
1573804599376,2019-11-15T15.56.39.376,12.259,0.366,-0.549,-0.488
1573804599386,2019-11-15T15.56.39.386,12.269,0.427,-0.183,-0.732
1573804599396,2019-11-15T15.56.39.396,12.279,0.854,-0.122,-0.854
1573804599407,2019-11-15T15.56.39.407,12.290,1.341,-0.244,-0.732
1573804599417,2019-11-15T15.56.39.417,12.300,1.768,-0.122,-0.976
1573804599427,2019-11-15T15.56.39.427,12.310,2.012,0.122,-1.098
1573804599437,2019-11-15T15.56.39.437,12.320,1.829,0.549,-1.280
1573804599448,2019-11-15T15.56.39.448,12.331,1.341,1.220,-1.341
1573804599457,2019-11-15T15.56.39.457,12.340,0.854,1.585,-1.159
1573804599467,2019-11-15T15.56.39.467,12.350,0.488,1.524,-0.671
1573804599477,2019-11-15T15.56.39.477,12.360,0.122,0.976,-0.549
1573804599487,2019-11-15T15.56.39.487,12.370,0.000,0.732,-0.671
1573804599498,2019-11-15T15.56.39.498,12.381,0.183,0.854,-0.793
1573804599508,2019-11-15T15.56.39.508,12.391,0.427,1.098,-1.098
1573804599518,2019-11-15T15.56.39.518,12.401,0.488,1.159,-1.220
1573804599528,2019-11-15T15.56.39.528,12.411,0.488,0.915,-0.915
1573804599539,2019-11-15T15.56.39.539,12.422,0.488,0.488,-0.732
1573804599549,2019-11-15T15.56.39.549,12.432,0.305,0.244,-0.488
1573804599559,2019-11-15T15.56.39.559,12.442,0.000,0.122,-0.549
1573804599569,2019-11-15T15.56.39.569,12.452,-0.183,0.427,-0.976
1573804599580,2019-11-15T15.56.39.580,12.463,-0.244,0.610,-1.220
1573804599588,2019-11-15T15.56.39.588,12.471,-0.244,0.671,-1.280
1573804599599,2019-11-15T15.56.39.599,12.482,-0.244,0.488,-1.159
1573804599609,2019-11-15T15.56.39.609,12.492,-0.122,0.366,-0.976
1573804599619,2019-11-15T15.56.39.619,12.502,0.061,0.183,-0.671
1573804599629,2019-11-15T15.56.39.629,12.512,0.305,-0.183,-0.366
1573804599640,2019-11-15T15.56.39.640,12.523,0.549,-0.366,-0.427
1573804599650,2019-11-15T15.56.39.650,12.533,0.854,-0.244,-0.610
1573804599660,2019-11-15T15.56.39.660,12.543,1.220,-0.061,-0.793
1573804599670,2019-11-15T15.56.39.670,12.553,1.341,0.061,-0.976
1573804599681,2019-11-15T15.56.39.681,12.564,1.402,0.000,-1.037
1573804599691,2019-11-15T15.56.39.691,12.574,1.463,-0.183,-0.793
1573804599701,2019-11-15T15.56.39.701,12.584,1.402,-0.549,-0.549
1573804599711,2019-11-15T15.56.39.711,12.594,1.463,-0.854,-0.610
1573804599720,2019-11-15T15.56.39.720,12.603,1.463,-0.793,-0.732
1573804599730,2019-11-15T15.56.39.730,12.613,1.524,-0.427,-0.976
1573804599741,2019-11-15T15.56.39.741,12.624,1.341,-0.122,-1.280
1573804599751,2019-11-15T15.56.39.751,12.634,1.280,0.000,-1.402
1573804599761,2019-11-15T15.56.39.761,12.644,1.341,0.000,-1.463
1573804599771,2019-11-15T15.56.39.771,12.654,1.524,-0.183,-1.220
1573804599782,2019-11-15T15.56.39.782,12.665,1.768,-0.183,-0.915
1573804599792,2019-11-15T15.56.39.792,12.675,1.768,0.183,-0.976
1573804599802,2019-11-15T15.56.39.802,12.685,1.524,0.671,-1.159
1573804599812,2019-11-15T15.56.39.812,12.695,1.159,1.037,-1.341
1573804599823,2019-11-15T15.56.39.823,12.706,0.671,1.098,-1.220
1573804599833,2019-11-15T15.56.39.833,12.716,0.366,0.976,-0.854
1573804599843,2019-11-15T15.56.39.843,12.726,0.183,0.671,-0.305
1573804599852,2019-11-15T15.56.39.852,12.735,0.244,0.183,0.305
1573804599862,2019-11-15T15.56.39.862,12.745,0.488,-0.061,0.305
1573804599873,2019-11-15T15.56.39.873,12.756,0.976,0.122,0.000
1573804599883,2019-11-15T15.56.39.883,12.766,1.280,0.427,-0.305
1573804599893,2019-11-15T15.56.39.893,12.776,1.402,0.671,-0.610
1573804599903,2019-11-15T15.56.39.903,12.786,1.646,0.549,-0.915
1573804599914,2019-11-15T15.56.39.914,12.797,1.829,0.244,-1.159
1573804599924,2019-11-15T15.56.39.924,12.807,1.646,-0.061,-1.341
1573804599934,2019-11-15T15.56.39.934,12.817,1.341,-0.305,-1.402
1573804599944,2019-11-15T15.56.39.944,12.827,0.976,-0.488,-1.463
1573804599955,2019-11-15T15.56.39.955,12.838,0.732,-0.488,-1.707
1573804599965,2019-11-15T15.56.39.965,12.848,0.549,-0.366,-1.951
1573804599975,2019-11-15T15.56.39.975,12.858,0.488,-0.122,-2.134
1573804599984,2019-11-15T15.56.39.984,12.867,0.549,0.244,-2.073
1573804599994,2019-11-15T15.56.39.994,12.877,0.732,0.671,-1.829
1573804600004,2019-11-15T15.56.40.004,12.887,0.976,0.976,-1.341
1573804600015,2019-11-15T15.56.40.015,12.898,0.976,0.793,-0.671
1573804600025,2019-11-15T15.56.40.025,12.908,0.610,0.671,-0.183
1573804600035,2019-11-15T15.56.40.035,12.918,0.244,0.488,0.000
1573804600045,2019-11-15T15.56.40.045,12.928,-0.122,0.549,-0.122
1573804600056,2019-11-15T15.56.40.056,12.939,-0.488,0.732,-0.366
1573804600066,2019-11-15T15.56.40.066,12.949,-0.732,0.610,-0.671
1573804600076,2019-11-15T15.56.40.076,12.959,-0.793,0.305,-0.793
1573804600086,2019-11-15T15.56.40.086,12.969,-0.793,-0.122,-0.915
1573804600097,2019-11-15T15.56.40.097,12.980,-0.915,-0.488,-0.976
1573804600105,2019-11-15T15.56.40.105,12.988,-1.098,-0.671,-1.098
1573804600116,2019-11-15T15.56.40.116,12.999,-1.220,-0.610,-1.220
1573804600126,2019-11-15T15.56.40.126,13.009,-1.341,-0.427,-1.280
1573804600136,2019-11-15T15.56.40.136,13.019,-1.402,-0.183,-1.098
1573804600146,2019-11-15T15.56.40.146,13.029,-1.646,0.000,-0.671
1573804600157,2019-11-15T15.56.40.157,13.040,-1.707,0.122,-0.305
1573804600167,2019-11-15T15.56.40.167,13.050,-1.890,0.183,-0.183
1573804600177,2019-11-15T15.56.40.177,13.060,-2.073,0.122,-0.061
1573804600187,2019-11-15T15.56.40.187,13.070,-2.012,-0.061,-0.122
1573804600198,2019-11-15T15.56.40.198,13.081,-1.768,-0.183,-0.366
1573804600208,2019-11-15T15.56.40.208,13.091,-1.524,-0.305,-0.732
1573804600218,2019-11-15T15.56.40.218,13.101,-1.463,-0.610,-0.854
1573804600229,2019-11-15T15.56.40.229,13.112,-1.402,-1.037,-0.854
1573804600237,2019-11-15T15.56.40.237,13.120,-1.402,-1.280,-1.037
1573804600248,2019-11-15T15.56.40.248,13.131,-1.768,-1.280,-1.098
1573804600258,2019-11-15T15.56.40.258,13.141,-2.256,-1.098,-1.098
1573804600268,2019-11-15T15.56.40.268,13.151,-2.744,-0.671,-1.402
1573804600278,2019-11-15T15.56.40.278,13.161,-3.049,-0.122,-1.646
1573804600289,2019-11-15T15.56.40.289,13.172,-2.927,0.610,-1.829
1573804600299,2019-11-15T15.56.40.299,13.182,-2.500,0.854,-1.585
1573804600309,2019-11-15T15.56.40.309,13.192,-2.134,0.549,-1.037
1573804600319,2019-11-15T15.56.40.319,13.202,-1.707,-0.061,-0.061
1573804600330,2019-11-15T15.56.40.330,13.213,-1.463,-0.793,0.915
1573804600340,2019-11-15T15.56.40.340,13.223,-1.463,-1.463,1.402
1573804600350,2019-11-15T15.56.40.350,13.233,-1.585,-1.402,1.037
1573804600360,2019-11-15T15.56.40.360,13.243,-1.524,-0.915,0.305
1573804600369,2019-11-15T15.56.40.369,13.252,-1.402,-0.610,-0.488
1573804600379,2019-11-15T15.56.40.379,13.262,-0.976,-0.732,-1.098
1573804600390,2019-11-15T15.56.40.390,13.273,-0.244,-1.098,-1.524
1573804600400,2019-11-15T15.56.40.400,13.283,0.427,-1.463,-1.768
1573804600410,2019-11-15T15.56.40.410,13.293,1.098,-1.524,-1.951
1573804600420,2019-11-15T15.56.40.420,13.303,1.768,-1.280,-2.073
1573804600431,2019-11-15T15.56.40.431,13.314,2.195,-0.854,-1.890
1573804600441,2019-11-15T15.56.40.441,13.324,2.256,-0.366,-1.646
1573804600451,2019-11-15T15.56.40.451,13.334,2.073,0.000,-1.463
1573804600461,2019-11-15T15.56.40.461,13.344,1.890,0.366,-1.280
1573804600472,2019-11-15T15.56.40.472,13.355,1.829,0.488,-1.037
1573804600482,2019-11-15T15.56.40.482,13.365,1.890,0.732,-0.793
1573804600492,2019-11-15T15.56.40.492,13.375,2.317,0.793,-0.549
1573804600501,2019-11-15T15.56.40.501,13.384,2.805,0.427,-0.244
1573804600511,2019-11-15T15.56.40.511,13.394,3.110,0.000,-0.183
1573804600521,2019-11-15T15.56.40.521,13.404,3.049,-0.122,-0.244
1573804600532,2019-11-15T15.56.40.532,13.415,2.744,-0.122,-0.427
1573804600542,2019-11-15T15.56.40.542,13.425,2.012,-0.061,-0.671
1573804600552,2019-11-15T15.56.40.552,13.435,1.159,-0.061,-0.854
1573804600562,2019-11-15T15.56.40.562,13.445,0.793,-0.183,-0.976
1573804600573,2019-11-15T15.56.40.573,13.456,0.610,-0.244,-1.098
1573804600583,2019-11-15T15.56.40.583,13.466,0.671,-0.183,-1.220
1573804600593,2019-11-15T15.56.40.593,13.476,0.915,-0.122,-1.159
1573804600604,2019-11-15T15.56.40.604,13.487,1.220,-0.244,-0.976
1573804600614,2019-11-15T15.56.40.614,13.497,1.341,-0.366,-0.732
1573804600624,2019-11-15T15.56.40.624,13.507,1.524,-0.427,-0.366
1573804600633,2019-11-15T15.56.40.633,13.516,1.463,-0.427,-0.122
1573804600643,2019-11-15T15.56.40.643,13.526,1.402,-0.244,-0.183
1573804600653,2019-11-15T15.56.40.653,13.536,1.098,0.183,-0.305
1573804600664,2019-11-15T15.56.40.664,13.547,0.732,0.488,-0.366
1573804600674,2019-11-15T15.56.40.674,13.557,0.488,0.549,-0.488
1573804600684,2019-11-15T15.56.40.684,13.567,0.549,0.366,-0.610
1573804600694,2019-11-15T15.56.40.694,13.577,0.610,0.061,-0.793
1573804600705,2019-11-15T15.56.40.705,13.588,0.671,-0.427,-0.915
1573804600715,2019-11-15T15.56.40.715,13.598,1.098,-0.732,-1.159
1573804600725,2019-11-15T15.56.40.725,13.608,1.402,-0.854,-1.402
1573804600735,2019-11-15T15.56.40.735,13.618,1.402,-0.976,-1.280
1573804600746,2019-11-15T15.56.40.746,13.629,1.220,-1.220,-1.159
1573804600756,2019-11-15T15.56.40.756,13.639,0.976,-1.098,-1.220
1573804600765,2019-11-15T15.56.40.765,13.648,0.549,-0.610,-1.280
1573804600775,2019-11-15T15.56.40.775,13.658,0.488,-0.183,-1.280
1573804600785,2019-11-15T15.56.40.785,13.668,0.671,-0.061,-1.159
1573804600795,2019-11-15T15.56.40.795,13.678,1.037,0.000,-0.976
1573804600806,2019-11-15T15.56.40.806,13.689,1.524,-0.061,-0.610
1573804600816,2019-11-15T15.56.40.816,13.699,1.951,-0.244,0.061
1573804600826,2019-11-15T15.56.40.826,13.709,2.256,-0.366,0.305
1573804600836,2019-11-15T15.56.40.836,13.719,2.500,-0.061,-0.122
1573804600847,2019-11-15T15.56.40.847,13.730,2.500,0.488,-0.610
1573804600857,2019-11-15T15.56.40.857,13.740,2.866,0.854,-0.854
1573804600867,2019-11-15T15.56.40.867,13.750,3.110,0.915,-1.098
1573804600877,2019-11-15T15.56.40.877,13.760,3.110,0.488,-1.098
1573804600888,2019-11-15T15.56.40.888,13.771,2.927,0.000,-1.159
1573804600896,2019-11-15T15.56.40.896,13.779,2.866,-0.183,-1.341
1573804600907,2019-11-15T15.56.40.907,13.790,2.683,-0.183,-1.646
1573804600917,2019-11-15T15.56.40.917,13.800,2.622,0.000,-1.829
1573804600927,2019-11-15T15.56.40.927,13.810,2.622,0.122,-2.012
1573804600937,2019-11-15T15.56.40.937,13.820,2.622,0.061,-2.073
1573804600948,2019-11-15T15.56.40.948,13.831,2.927,0.122,-2.073
1573804600958,2019-11-15T15.56.40.958,13.841,3.110,0.183,-2.012
1573804600968,2019-11-15T15.56.40.968,13.851,3.110,0.061,-1.768
1573804600979,2019-11-15T15.56.40.979,13.862,2.927,-0.183,-1.402
1573804600989,2019-11-15T15.56.40.989,13.872,2.683,-0.366,-1.280
1573804600999,2019-11-15T15.56.40.999,13.882,2.378,-0.305,-1.280
1573804601009,2019-11-15T15.56.41.009,13.892,1.951,-0.366,-1.220
1573804601020,2019-11-15T15.56.41.020,13.903,1.646,-0.610,-1.341
1573804601028,2019-11-15T15.56.41.028,13.911,1.463,-0.915,-1.524
1573804601039,2019-11-15T15.56.41.039,13.922,1.463,-1.159,-1.829
1573804601049,2019-11-15T15.56.41.049,13.932,1.524,-1.220,-2.195
1573804601059,2019-11-15T15.56.41.059,13.942,1.341,-0.793,-2.683
1573804601069,2019-11-15T15.56.41.069,13.952,1.037,-0.366,-2.744
1573804601080,2019-11-15T15.56.41.080,13.963,0.854,-0.122,-2.317
1573804601090,2019-11-15T15.56.41.090,13.973,0.610,-0.122,-1.768
1573804601100,2019-11-15T15.56.41.100,13.983,0.671,-0.305,-1.220
1573804601110,2019-11-15T15.56.41.110,13.993,1.037,-0.549,-0.793
1573804601121,2019-11-15T15.56.41.121,14.004,1.402,-0.793,-0.854
1573804601131,2019-11-15T15.56.41.131,14.014,1.890,-0.854,-1.098
1573804601141,2019-11-15T15.56.41.141,14.024,2.195,-0.793,-1.402
1573804601151,2019-11-15T15.56.41.151,14.034,2.317,-1.037,-1.524
1573804601160,2019-11-15T15.56.41.160,14.043,2.317,-1.585,-1.646
1573804601170,2019-11-15T15.56.41.170,14.053,2.256,-1.951,-1.768
1573804601181,2019-11-15T15.56.41.181,14.064,1.951,-2.134,-1.951
1573804601191,2019-11-15T15.56.41.191,14.074,1.890,-1.890,-2.256
1573804601201,2019-11-15T15.56.41.201,14.084,1.768,-1.341,-2.683
1573804601211,2019-11-15T15.56.41.211,14.094,1.646,-0.793,-2.439
1573804601222,2019-11-15T15.56.41.222,14.105,1.768,-0.488,-2.134
1573804601232,2019-11-15T15.56.41.232,14.115,1.890,-0.183,-1.768
1573804601242,2019-11-15T15.56.41.242,14.125,2.134,0.000,-1.341
1573804601252,2019-11-15T15.56.41.252,14.135,2.378,0.000,-1.220
1573804601263,2019-11-15T15.56.41.263,14.146,2.500,0.122,-1.341
1573804601273,2019-11-15T15.56.41.273,14.156,2.561,0.488,-1.585
1573804601282,2019-11-15T15.56.41.282,14.165,2.439,0.671,-1.341
1573804601292,2019-11-15T15.56.41.292,14.175,2.195,0.366,-0.915
1573804601302,2019-11-15T15.56.41.302,14.185,2.256,-0.122,-0.732
1573804601312,2019-11-15T15.56.41.312,14.195,2.439,-0.488,-0.854
1573804601323,2019-11-15T15.56.41.323,14.206,2.683,-0.854,-1.037
1573804601333,2019-11-15T15.56.41.333,14.216,2.927,-1.098,-1.341
1573804601343,2019-11-15T15.56.41.343,14.226,3.293,-1.220,-1.707
1573804601354,2019-11-15T15.56.41.354,14.237,3.415,-1.341,-2.012
1573804601364,2019-11-15T15.56.41.364,14.247,3.354,-1.402,-2.012
1573804601374,2019-11-15T15.56.41.374,14.257,3.110,-1.463,-1.768
1573804601384,2019-11-15T15.56.41.384,14.267,2.866,-1.646,-1.585
1573804601395,2019-11-15T15.56.41.395,14.278,2.439,-1.463,-1.707
1573804601405,2019-11-15T15.56.41.405,14.288,2.195,-0.793,-2.134
1573804601414,2019-11-15T15.56.41.414,14.297,2.073,0.000,-2.500
1573804601424,2019-11-15T15.56.41.424,14.307,2.256,0.671,-2.683
1573804601434,2019-11-15T15.56.41.434,14.317,2.561,1.280,-2.683
1573804601444,2019-11-15T15.56.41.444,14.327,2.805,1.646,-2.195
1573804601455,2019-11-15T15.56.41.455,14.338,3.232,1.341,-1.585
1573804601465,2019-11-15T15.56.41.465,14.348,3.476,1.524,-1.280
1573804601475,2019-11-15T15.56.41.475,14.358,3.415,1.890,-1.159
1573804601485,2019-11-15T15.56.41.485,14.368,3.232,2.195,-1.220
1573804601496,2019-11-15T15.56.41.496,14.379,2.683,2.622,-1.463
1573804601506,2019-11-15T15.56.41.506,14.389,1.951,2.866,-1.524
1573804601516,2019-11-15T15.56.41.516,14.399,1.463,2.744,-1.463
1573804601526,2019-11-15T15.56.41.526,14.409,1.098,2.378,-1.159
1573804601537,2019-11-15T15.56.41.537,14.420,1.037,1.829,-0.732
1573804601545,2019-11-15T15.56.41.545,14.428,1.402,1.220,-0.488
1573804601556,2019-11-15T15.56.41.556,14.439,1.768,0.732,-0.366
1573804601566,2019-11-15T15.56.41.566,14.449,2.073,0.549,-0.488
1573804601576,2019-11-15T15.56.41.576,14.459,2.439,0.549,-0.976
1573804601586,2019-11-15T15.56.41.586,14.469,2.683,0.732,-1.341
1573804601597,2019-11-15T15.56.41.597,14.480,2.683,0.793,-1.463
1573804601607,2019-11-15T15.56.41.607,14.490,2.683,0.549,-1.341
1573804601617,2019-11-15T15.56.41.617,14.500,3.049,0.122,-1.280
1573804601627,2019-11-15T15.56.41.627,14.510,3.354,-0.305,-1.098
1573804601638,2019-11-15T15.56.41.638,14.521,3.232,-0.671,-0.976
1573804601648,2019-11-15T15.56.41.648,14.531,2.988,-1.098,-1.098
1573804601658,2019-11-15T15.56.41.658,14.541,2.256,-1.341,-1.098
1573804601668,2019-11-15T15.56.41.668,14.551,1.280,-1.341,-1.341
1573804601677,2019-11-15T15.56.41.677,14.560,0.366,-1.159,-1.524
1573804601687,2019-11-15T15.56.41.687,14.570,-0.244,-0.915,-1.463
1573804601698,2019-11-15T15.56.41.698,14.581,-0.366,-0.671,-1.280
1573804601708,2019-11-15T15.56.41.708,14.591,-0.183,-0.488,-1.159
1573804601718,2019-11-15T15.56.41.718,14.601,0.244,-0.244,-1.220
1573804601729,2019-11-15T15.56.41.729,14.612,0.366,-0.427,-1.098
1573804601739,2019-11-15T15.56.41.739,14.622,0.366,-0.549,-1.220
1573804601749,2019-11-15T15.56.41.749,14.632,-0.122,-0.366,-1.341
1573804601759,2019-11-15T15.56.41.759,14.642,-0.793,-0.488,-0.976
1573804601770,2019-11-15T15.56.41.770,14.653,-0.976,-0.854,-0.549
1573804601780,2019-11-15T15.56.41.780,14.663,-0.732,-1.037,-0.244
1573804601790,2019-11-15T15.56.41.790,14.673,-0.610,-1.098,-0.427
1573804601800,2019-11-15T15.56.41.800,14.683,-0.305,-1.341,-0.671
1573804601809,2019-11-15T15.56.41.809,14.692,-0.244,-1.402,-0.915
1573804601819,2019-11-15T15.56.41.819,14.702,-0.610,-1.280,-1.341
1573804601830,2019-11-15T15.56.41.830,14.713,-1.463,-0.854,-1.707
1573804601840,2019-11-15T15.56.41.840,14.723,-2.317,-0.305,-1.890
1573804601850,2019-11-15T15.56.41.850,14.733,-2.805,0.244,-1.646
1573804601860,2019-11-15T15.56.41.860,14.743,-2.988,0.610,-1.220
1573804601871,2019-11-15T15.56.41.871,14.754,-2.561,0.671,-0.549
1573804601881,2019-11-15T15.56.41.881,14.764,-1.890,0.610,-0.061
1573804601891,2019-11-15T15.56.41.891,14.774,-1.341,0.610,0.122
1573804601901,2019-11-15T15.56.41.901,14.784,-1.037,0.793,-0.061
1573804601912,2019-11-15T15.56.41.912,14.795,-1.098,1.098,-0.305
1573804601922,2019-11-15T15.56.41.922,14.805,-1.280,1.280,-0.305
1573804601932,2019-11-15T15.56.41.932,14.815,-1.341,1.220,-0.305
1573804601941,2019-11-15T15.56.41.941,14.824,-1.524,1.159,-0.427
1573804601951,2019-11-15T15.56.41.951,14.834,-1.341,0.671,-0.549
1573804601961,2019-11-15T15.56.41.961,14.844,-0.793,0.061,-0.549
1573804601972,2019-11-15T15.56.41.972,14.855,-0.427,-0.183,-0.793
1573804601982,2019-11-15T15.56.41.982,14.865,-0.427,-0.305,-1.159
1573804601992,2019-11-15T15.56.41.992,14.875,-0.427,-0.183,-1.463
1573804602002,2019-11-15T15.56.42.002,14.885,-0.610,0.122,-1.585
1573804602013,2019-11-15T15.56.42.013,14.896,-0.915,0.122,-1.341
1573804602023,2019-11-15T15.56.42.023,14.906,-0.610,0.061,-0.915
1573804602033,2019-11-15T15.56.42.033,14.916,-0.305,-0.244,-0.549
1573804602043,2019-11-15T15.56.42.043,14.926,0.244,-0.488,-0.488
1573804602054,2019-11-15T15.56.42.054,14.937,0.854,-0.610,-0.732
1573804602064,2019-11-15T15.56.42.064,14.947,1.280,-0.549,-0.915
1573804602073,2019-11-15T15.56.42.073,14.956,1.585,-0.427,-0.915
1573804602083,2019-11-15T15.56.42.083,14.966,1.585,-0.915,-0.549
1573804602093,2019-11-15T15.56.42.093,14.976,1.280,-1.341,-0.183
1573804602104,2019-11-15T15.56.42.104,14.987,1.098,-1.646,0.000
1573804602114,2019-11-15T15.56.42.114,14.997,0.915,-1.829,-0.122
1573804602124,2019-11-15T15.56.42.124,15.007,1.037,-1.829,-0.610
1573804602134,2019-11-15T15.56.42.134,15.017,1.220,-1.768,-1.159
1573804602145,2019-11-15T15.56.42.145,15.028,1.524,-1.951,-1.463
1573804602155,2019-11-15T15.56.42.155,15.038,1.768,-2.195,-1.707
1573804602165,2019-11-15T15.56.42.165,15.048,1.890,-2.378,-1.768
1573804602175,2019-11-15T15.56.42.175,15.058,2.073,-2.317,-1.951
1573804602186,2019-11-15T15.56.42.186,15.069,2.073,-1.951,-2.256
1573804602196,2019-11-15T15.56.42.196,15.079,2.134,-1.524,-2.256
1573804602205,2019-11-15T15.56.42.205,15.088,2.317,-1.463,-2.134
1573804602215,2019-11-15T15.56.42.215,15.098,2.195,-1.402,-2.012
1573804602225,2019-11-15T15.56.42.225,15.108,2.012,-1.463,-1.646
1573804602235,2019-11-15T15.56.42.235,15.118,1.951,-1.829,-1.280
1573804602246,2019-11-15T15.56.42.246,15.129,2.317,-1.829,-1.402
1573804602256,2019-11-15T15.56.42.256,15.139,2.622,-1.524,-1.829
1573804602266,2019-11-15T15.56.42.266,15.149,2.988,-1.037,-2.317
1573804602276,2019-11-15T15.56.42.276,15.159,3.293,-0.915,-2.439
1573804602287,2019-11-15T15.56.42.287,15.170,3.232,-0.976,-2.439
1573804602297,2019-11-15T15.56.42.297,15.180,2.805,-0.976,-2.561
1573804602307,2019-11-15T15.56.42.307,15.190,2.256,-0.732,-2.561
1573804602317,2019-11-15T15.56.42.317,15.200,2.256,-0.427,-2.805
1573804602326,2019-11-15T15.56.42.326,15.209,2.134,0.000,-2.805
1573804602336,2019-11-15T15.56.42.336,15.219,2.073,0.305,-2.622
1573804602347,2019-11-15T15.56.42.347,15.230,2.256,0.183,-2.439
1573804602357,2019-11-15T15.56.42.357,15.240,2.622,0.061,-2.500
1573804602367,2019-11-15T15.56.42.367,15.250,2.683,0.000,-2.500
1573804602377,2019-11-15T15.56.42.377,15.260,2.500,0.122,-2.378
1573804602388,2019-11-15T15.56.42.388,15.271,2.317,0.549,-2.134
1573804602398,2019-11-15T15.56.42.398,15.281,2.012,0.671,-1.585
1573804602408,2019-11-15T15.56.42.408,15.291,1.524,0.366,-1.037
1573804602418,2019-11-15T15.56.42.418,15.301,1.037,0.244,-0.976
1573804602429,2019-11-15T15.56.42.429,15.312,0.671,0.122,-0.854
1573804602439,2019-11-15T15.56.42.439,15.322,0.427,-0.061,-0.976
1573804602449,2019-11-15T15.56.42.449,15.332,0.061,-0.061,-1.280
1573804602459,2019-11-15T15.56.42.459,15.342,-0.183,-0.061,-1.524
1573804602468,2019-11-15T15.56.42.468,15.351,-0.183,-0.244,-1.463
1573804602479,2019-11-15T15.56.42.479,15.362,-0.305,-0.610,-1.220
1573804602489,2019-11-15T15.56.42.489,15.372,-0.427,-0.915,-1.037
1573804602499,2019-11-15T15.56.42.499,15.382,-0.610,-1.098,-0.976
1573804602509,2019-11-15T15.56.42.509,15.392,-0.915,-1.159,-1.037
1573804602520,2019-11-15T15.56.42.520,15.403,-0.915,-0.854,-1.220
1573804602530,2019-11-15T15.56.42.530,15.413,-0.915,-0.366,-1.341
1573804602540,2019-11-15T15.56.42.540,15.423,-0.976,-0.122,-1.341
1573804602550,2019-11-15T15.56.42.550,15.433,-0.671,-0.305,-1.037
1573804602561,2019-11-15T15.56.42.561,15.444,-0.549,-0.610,-0.732
1573804602571,2019-11-15T15.56.42.571,15.454,-0.427,-0.915,-0.671
1573804602581,2019-11-15T15.56.42.581,15.464,-0.305,-0.915,-0.732
1573804602590,2019-11-15T15.56.42.590,15.473,-0.366,-0.793,-0.793
1573804602600,2019-11-15T15.56.42.600,15.483,-0.610,-0.549,-1.037
1573804602610,2019-11-15T15.56.42.610,15.493,-0.732,-0.183,-1.280
1573804602621,2019-11-15T15.56.42.621,15.504,-0.732,0.183,-1.341
1573804602631,2019-11-15T15.56.42.631,15.514,-0.793,0.183,-1.280
1573804602641,2019-11-15T15.56.42.641,15.524,-0.732,-0.305,-0.976
1573804602651,2019-11-15T15.56.42.651,15.534,-0.488,-0.610,-0.854
1573804602662,2019-11-15T15.56.42.662,15.545,-0.122,-0.915,-1.098
1573804602672,2019-11-15T15.56.42.672,15.555,0.488,-0.976,-1.585
1573804602682,2019-11-15T15.56.42.682,15.565,1.037,-0.671,-2.073
1573804602692,2019-11-15T15.56.42.692,15.575,1.524,-0.549,-2.134
1573804602703,2019-11-15T15.56.42.703,15.586,1.951,-0.915,-1.646
1573804602713,2019-11-15T15.56.42.713,15.596,2.195,-1.402,-1.280
1573804602722,2019-11-15T15.56.42.722,15.605,2.256,-1.707,-1.098
1573804602732,2019-11-15T15.56.42.732,15.615,2.256,-1.585,-0.915
1573804602742,2019-11-15T15.56.42.742,15.625,2.317,-1.707,-0.854
1573804602752,2019-11-15T15.56.42.752,15.635,2.561,-1.646,-1.098
1573804602763,2019-11-15T15.56.42.763,15.646,2.988,-1.341,-1.220
1573804602773,2019-11-15T15.56.42.773,15.656,3.415,-1.463,-1.220
1573804602783,2019-11-15T15.56.42.783,15.666,3.598,-1.646,-1.280
1573804602793,2019-11-15T15.56.42.793,15.676,3.598,-1.585,-1.524
1573804602804,2019-11-15T15.56.42.804,15.687,3.232,-1.463,-1.585
1573804602814,2019-11-15T15.56.42.814,15.697,2.805,-1.402,-1.707
1573804602824,2019-11-15T15.56.42.824,15.707,2.439,-1.159,-1.646
1573804602834,2019-11-15T15.56.42.834,15.717,2.134,-0.671,-1.707
1573804602845,2019-11-15T15.56.42.845,15.728,1.890,-0.549,-1.463
1573804602854,2019-11-15T15.56.42.854,15.737,1.707,-0.366,-1.098
1573804602864,2019-11-15T15.56.42.864,15.747,1.463,-0.244,-0.488
1573804602874,2019-11-15T15.56.42.874,15.757,1.098,-0.427,-0.061
1573804602884,2019-11-15T15.56.42.884,15.767,0.793,-0.366,0.122
1573804602895,2019-11-15T15.56.42.895,15.778,0.427,-0.122,-0.061
1573804602905,2019-11-15T15.56.42.905,15.788,0.122,0.183,-0.305
1573804602915,2019-11-15T15.56.42.915,15.798,0.122,0.427,-0.549
1573804602925,2019-11-15T15.56.42.925,15.808,0.122,0.366,-0.732
1573804602936,2019-11-15T15.56.42.936,15.819,-0.122,0.061,-0.610
1573804602946,2019-11-15T15.56.42.946,15.829,-0.183,-0.549,-0.427
1573804602956,2019-11-15T15.56.42.956,15.839,-0.183,-1.159,-0.427
1573804602966,2019-11-15T15.56.42.966,15.849,-0.366,-1.524,-0.671
1573804602977,2019-11-15T15.56.42.977,15.860,-0.732,-1.646,-0.915
1573804602985,2019-11-15T15.56.42.985,15.868,-1.220,-1.463,-1.280
1573804602996,2019-11-15T15.56.42.996,15.879,-1.585,-0.915,-1.341
1573804603006,2019-11-15T15.56.43.006,15.889,-1.768,-0.671,-1.220
1573804603016,2019-11-15T15.56.43.016,15.899,-1.768,-0.610,-0.854
1573804603026,2019-11-15T15.56.43.026,15.909,-1.646,-0.610,-0.305
1573804603037,2019-11-15T15.56.43.037,15.920,-1.402,-0.671,0.183
1573804603047,2019-11-15T15.56.43.047,15.930,-1.037,-0.671,0.549
1573804603057,2019-11-15T15.56.43.057,15.940,-0.854,-0.610,0.915
1573804603067,2019-11-15T15.56.43.067,15.950,-0.671,-0.244,0.793
1573804603078,2019-11-15T15.56.43.078,15.961,-0.610,0.122,0.732
1573804603088,2019-11-15T15.56.43.088,15.971,-0.610,0.122,0.732
1573804603098,2019-11-15T15.56.43.098,15.981,-0.854,0.122,0.610
1573804603108,2019-11-15T15.56.43.108,15.991,-1.098,-0.122,0.793
1573804603117,2019-11-15T15.56.43.117,16.000,-1.341,-0.427,0.732
1573804603127,2019-11-15T15.56.43.127,16.010,-1.463,-0.549,0.488
1573804603138,2019-11-15T15.56.43.138,16.021,-1.524,-0.305,0.000
1573804603148,2019-11-15T15.56.43.148,16.031,-1.646,-0.061,-0.427
1573804603158,2019-11-15T15.56.43.158,16.041,-1.646,0.000,-0.610
1573804603168,2019-11-15T15.56.43.168,16.051,-1.585,0.061,-0.366
1573804603179,2019-11-15T15.56.43.179,16.062,-1.585,-0.244,0.305
1573804603189,2019-11-15T15.56.43.189,16.072,-1.341,-0.549,0.854
1573804603199,2019-11-15T15.56.43.199,16.082,-1.220,-0.366,0.976
1573804603209,2019-11-15T15.56.43.209,16.092,-0.976,0.000,0.915
1573804603220,2019-11-15T15.56.43.220,16.103,-0.854,0.305,0.915
1573804603230,2019-11-15T15.56.43.230,16.113,-0.732,0.549,0.732
1573804603240,2019-11-15T15.56.43.240,16.123,-0.427,0.854,0.610
1573804603249,2019-11-15T15.56.43.249,16.132,-0.122,0.793,0.305
1573804603259,2019-11-15T15.56.43.259,16.142,0.366,0.610,0.305
1573804603270,2019-11-15T15.56.43.270,16.153,0.732,0.366,0.061
1573804603280,2019-11-15T15.56.43.280,16.163,1.280,0.122,-0.244
1573804603290,2019-11-15T15.56.43.290,16.173,1.402,0.000,-0.488
1573804603300,2019-11-15T15.56.43.300,16.183,1.280,-0.122,-0.549
1573804603311,2019-11-15T15.56.43.311,16.194,1.098,-0.061,-0.427
1573804603321,2019-11-15T15.56.43.321,16.204,0.915,0.061,-0.366
1573804603331,2019-11-15T15.56.43.331,16.214,0.732,0.244,0.000
1573804603341,2019-11-15T15.56.43.341,16.224,0.610,0.244,0.427
1573804603352,2019-11-15T15.56.43.352,16.235,0.671,0.244,0.610
1573804603362,2019-11-15T15.56.43.362,16.245,0.976,0.305,0.732
1573804603371,2019-11-15T15.56.43.371,16.254,1.402,0.122,0.671
1573804603381,2019-11-15T15.56.43.381,16.264,1.829,-0.244,0.549
1573804603391,2019-11-15T15.56.43.391,16.274,2.134,-0.366,0.488
1573804603401,2019-11-15T15.56.43.401,16.284,2.256,-0.366,0.366
1573804603412,2019-11-15T15.56.43.412,16.295,2.256,-0.488,0.610
1573804603422,2019-11-15T15.56.43.422,16.305,2.256,-0.671,0.915
1573804603432,2019-11-15T15.56.43.432,16.315,2.134,-0.854,0.793
1573804603442,2019-11-15T15.56.43.442,16.325,2.256,-0.976,0.549
1573804603453,2019-11-15T15.56.43.453,16.336,2.378,-1.098,0.366
1573804603463,2019-11-15T15.56.43.463,16.346,2.622,-1.341,0.000
1573804603473,2019-11-15T15.56.43.473,16.356,2.866,-1.463,-0.366
1573804603483,2019-11-15T15.56.43.483,16.366,3.354,-1.463,-0.610
1573804603494,2019-11-15T15.56.43.494,16.377,3.780,-1.463,-0.793
1573804603502,2019-11-15T15.56.43.502,16.385,3.780,-1.463,-0.793
1573804603513,2019-11-15T15.56.43.513,16.396,3.902,-1.524,-0.671
1573804603523,2019-11-15T15.56.43.523,16.406,3.780,-1.646,-0.488
1573804603533,2019-11-15T15.56.43.533,16.416,3.659,-1.768,-0.427
1573804603543,2019-11-15T15.56.43.543,16.426,3.659,-1.646,-0.793
1573804603554,2019-11-15T15.56.43.554,16.437,3.659,-1.585,-1.220
1573804603564,2019-11-15T15.56.43.564,16.447,3.841,-1.280,-2.012
1573804603574,2019-11-15T15.56.43.574,16.457,4.024,-0.854,-2.439
1573804603584,2019-11-15T15.56.43.584,16.467,4.085,-0.793,-2.561
1573804603595,2019-11-15T15.56.43.595,16.478,4.024,-1.159,-2.378
1573804603605,2019-11-15T15.56.43.605,16.488,3.902,-1.707,-2.195
1573804603615,2019-11-15T15.56.43.615,16.498,3.293,-1.646,-2.317
1573804603625,2019-11-15T15.56.43.625,16.508,2.561,-1.402,-2.500
1573804603634,2019-11-15T15.56.43.634,16.517,1.951,-0.915,-2.683
1573804603645,2019-11-15T15.56.43.645,16.528,1.463,-0.366,-2.500
1573804603655,2019-11-15T15.56.43.655,16.538,1.037,-0.305,-1.890
1573804603665,2019-11-15T15.56.43.665,16.548,1.159,-0.793,-1.220
1573804603675,2019-11-15T15.56.43.675,16.558,1.463,-1.341,-0.915
1573804603686,2019-11-15T15.56.43.686,16.569,1.768,-1.463,-0.976
1573804603696,2019-11-15T15.56.43.696,16.579,2.256,-1.341,-1.220
1573804603706,2019-11-15T15.56.43.706,16.589,2.622,-1.037,-1.707
1573804603716,2019-11-15T15.56.43.716,16.599,2.683,-0.671,-2.134
1573804603727,2019-11-15T15.56.43.727,16.610,2.561,-0.305,-2.317
1573804603737,2019-11-15T15.56.43.737,16.620,2.317,-0.244,-2.012
1573804603747,2019-11-15T15.56.43.747,16.630,1.890,-0.183,-1.768
1573804603757,2019-11-15T15.56.43.757,16.640,1.463,-0.061,-1.707
1573804603766,2019-11-15T15.56.43.766,16.649,1.220,0.305,-1.707
1573804603776,2019-11-15T15.56.43.776,16.659,1.159,0.854,-1.890
1573804603787,2019-11-15T15.56.43.787,16.670,1.280,1.280,-1.890
1573804603797,2019-11-15T15.56.43.797,16.680,1.341,1.585,-1.890
1573804603807,2019-11-15T15.56.43.807,16.690,1.280,1.890,-1.524
1573804603817,2019-11-15T15.56.43.817,16.700,1.037,1.829,-0.854
1573804603828,2019-11-15T15.56.43.828,16.711,0.610,1.463,-0.366
1573804603838,2019-11-15T15.56.43.838,16.721,0.366,1.098,-0.122
1573804603848,2019-11-15T15.56.43.848,16.731,-0.061,0.854,-0.305
1573804603858,2019-11-15T15.56.43.858,16.741,-0.610,0.915,-0.732
1573804603869,2019-11-15T15.56.43.869,16.752,-0.915,1.037,-1.280
1573804603879,2019-11-15T15.56.43.879,16.762,-0.976,1.037,-1.646
1573804603889,2019-11-15T15.56.43.889,16.772,-0.976,1.037,-1.951
1573804603898,2019-11-15T15.56.43.898,16.781,-1.037,0.854,-2.012
1573804603908,2019-11-15T15.56.43.908,16.791,-0.976,0.610,-1.585
1573804603918,2019-11-15T15.56.43.918,16.801,-0.976,0.244,-1.280
1573804603929,2019-11-15T15.56.43.929,16.812,-0.915,0.183,-1.098
1573804603939,2019-11-15T15.56.43.939,16.822,-0.915,0.305,-1.098
1573804603949,2019-11-15T15.56.43.949,16.832,-0.915,0.305,-1.037
1573804603959,2019-11-15T15.56.43.959,16.842,-0.915,0.366,-1.098
1573804603970,2019-11-15T15.56.43.970,16.853,-0.732,0.488,-1.159
1573804603980,2019-11-15T15.56.43.980,16.863,-0.610,0.671,-1.098
1573804603990,2019-11-15T15.56.43.990,16.873,-0.488,0.854,-0.976
1573804604000,2019-11-15T15.56.44.000,16.883,-0.488,0.854,-0.610
1573804604011,2019-11-15T15.56.44.011,16.894,-0.488,0.671,-0.366
1573804604021,2019-11-15T15.56.44.021,16.904,-0.427,0.427,-0.305
1573804604030,2019-11-15T15.56.44.030,16.913,-0.427,0.305,-0.549
1573804604040,2019-11-15T15.56.44.040,16.923,-0.305,0.366,-1.098
1573804604050,2019-11-15T15.56.44.050,16.933,-0.122,0.610,-1.707
1573804604061,2019-11-15T15.56.44.061,16.944,0.122,0.793,-2.012
1573804604071,2019-11-15T15.56.44.071,16.954,0.549,0.549,-1.951
1573804604081,2019-11-15T15.56.44.081,16.964,0.610,0.061,-1.585
1573804604091,2019-11-15T15.56.44.091,16.974,0.610,-0.122,-1.341
1573804604102,2019-11-15T15.56.44.102,16.985,0.427,-0.183,-1.341
1573804604112,2019-11-15T15.56.44.112,16.995,0.244,-0.061,-1.646
1573804604122,2019-11-15T15.56.44.122,17.005,0.122,0.122,-1.951
1573804604132,2019-11-15T15.56.44.132,17.015,0.427,0.366,-2.195
1573804604143,2019-11-15T15.56.44.143,17.026,0.976,0.427,-1.829
1573804604153,2019-11-15T15.56.44.153,17.036,1.585,-0.122,-1.280
1573804604162,2019-11-15T15.56.44.162,17.045,2.378,-0.793,-0.976
1573804604172,2019-11-15T15.56.44.172,17.055,2.805,-1.037,-0.793
1573804604182,2019-11-15T15.56.44.182,17.065,3.049,-1.220,-0.793
1573804604192,2019-11-15T15.56.44.192,17.075,3.110,-0.976,-1.098
1573804604203,2019-11-15T15.56.44.203,17.086,2.866,-0.671,-1.524
1573804604213,2019-11-15T15.56.44.213,17.096,2.805,-0.671,-1.768
1573804604223,2019-11-15T15.56.44.223,17.106,2.744,-0.732,-1.951
1573804604233,2019-11-15T15.56.44.233,17.116,2.866,-0.793,-2.195
1573804604244,2019-11-15T15.56.44.244,17.127,3.171,-0.793,-2.439
1573804604254,2019-11-15T15.56.44.254,17.137,3.598,-0.915,-2.561
1573804604264,2019-11-15T15.56.44.264,17.147,4.024,-1.280,-2.500
1573804604274,2019-11-15T15.56.44.274,17.157,4.207,-1.402,-2.561
1573804604285,2019-11-15T15.56.44.285,17.168,4.024,-1.159,-2.622
1573804604293,2019-11-15T15.56.44.293,17.176,3.720,-0.915,-2.500
1573804604304,2019-11-15T15.56.44.304,17.187,3.415,-0.976,-2.256
1573804604314,2019-11-15T15.56.44.314,17.197,3.171,-0.915,-2.134
1573804604324,2019-11-15T15.56.44.324,17.207,3.049,-0.732,-2.256
1573804604334,2019-11-15T15.56.44.334,17.217,3.049,-0.671,-2.256
1573804604345,2019-11-15T15.56.44.345,17.228,3.049,-0.793,-2.256
1573804604355,2019-11-15T15.56.44.355,17.238,3.171,-0.976,-2.256
1573804604365,2019-11-15T15.56.44.365,17.248,3.049,-1.280,-2.378
1573804604375,2019-11-15T15.56.44.375,17.258,2.805,-1.524,-2.622
1573804604386,2019-11-15T15.56.44.386,17.269,2.683,-1.463,-2.805
1573804604396,2019-11-15T15.56.44.396,17.279,2.500,-1.341,-2.805
1573804604406,2019-11-15T15.56.44.406,17.289,2.134,-1.341,-2.561
1573804604416,2019-11-15T15.56.44.416,17.299,2.195,-1.585,-2.195
1573804604425,2019-11-15T15.56.44.425,17.308,1.951,-1.951,-1.890
1573804604436,2019-11-15T15.56.44.436,17.319,1.524,-2.256,-1.768
1573804604446,2019-11-15T15.56.44.446,17.329,1.220,-2.317,-1.707
1573804604456,2019-11-15T15.56.44.456,17.339,0.976,-2.134,-1.890
1573804604466,2019-11-15T15.56.44.466,17.349,0.976,-1.951,-2.012
1573804604477,2019-11-15T15.56.44.477,17.360,1.037,-1.463,-1.890
1573804604487,2019-11-15T15.56.44.487,17.370,1.159,-1.280,-1.585
1573804604497,2019-11-15T15.56.44.497,17.380,1.646,-1.280,-1.159
1573804604507,2019-11-15T15.56.44.507,17.390,2.195,-1.341,-0.732
1573804604518,2019-11-15T15.56.44.518,17.401,2.378,-1.585,-0.366
1573804604528,2019-11-15T15.56.44.528,17.411,2.561,-1.585,-0.488
1573804604538,2019-11-15T15.56.44.538,17.421,2.561,-1.341,-1.037
1573804604547,2019-11-15T15.56.44.547,17.430,2.439,-0.854,-1.524
1573804604557,2019-11-15T15.56.44.557,17.440,2.439,-0.366,-1.768
1573804604567,2019-11-15T15.56.44.567,17.450,2.500,-0.244,-1.463
1573804604578,2019-11-15T15.56.44.578,17.461,2.500,-0.305,-1.220
1573804604588,2019-11-15T15.56.44.588,17.471,2.317,-0.366,-1.220
1573804604598,2019-11-15T15.56.44.598,17.481,2.195,-0.366,-1.159
1573804604608,2019-11-15T15.56.44.608,17.491,1.951,-0.427,-1.159
1573804604619,2019-11-15T15.56.44.619,17.502,1.707,-0.183,-1.280
1573804604629,2019-11-15T15.56.44.629,17.512,1.341,0.244,-1.341
1573804604639,2019-11-15T15.56.44.639,17.522,1.159,0.183,-0.793
1573804604649,2019-11-15T15.56.44.649,17.532,1.159,-0.061,-0.488
1573804604660,2019-11-15T15.56.44.660,17.543,1.280,0.122,-0.671
1573804604670,2019-11-15T15.56.44.670,17.553,1.646,0.122,-0.610
1573804604680,2019-11-15T15.56.44.680,17.563,1.951,-0.183,-0.427
1573804604689,2019-11-15T15.56.44.689,17.572,2.073,-0.427,-0.671
1573804604699,2019-11-15T15.56.44.699,17.582,2.317,-0.488,-1.037
1573804604709,2019-11-15T15.56.44.709,17.592,2.073,-0.610,-1.341
1573804604720,2019-11-15T15.56.44.720,17.603,1.524,-0.427,-1.707
1573804604730,2019-11-15T15.56.44.730,17.613,0.976,0.061,-1.951
1573804604740,2019-11-15T15.56.44.740,17.623,0.549,0.183,-1.829
1573804604750,2019-11-15T15.56.44.750,17.633,0.305,0.183,-1.463
1573804604761,2019-11-15T15.56.44.761,17.644,0.244,0.183,-1.098
1573804604771,2019-11-15T15.56.44.771,17.654,0.244,0.183,-0.854
1573804604781,2019-11-15T15.56.44.781,17.664,0.305,0.427,-0.732
1573804604791,2019-11-15T15.56.44.791,17.674,0.488,0.671,-0.549
1573804604802,2019-11-15T15.56.44.802,17.685,0.427,0.610,-0.305
1573804604811,2019-11-15T15.56.44.811,17.694,0.549,0.610,-0.305
1573804604821,2019-11-15T15.56.44.821,17.704,0.610,0.854,-0.488
1573804604831,2019-11-15T15.56.44.831,17.714,0.549,1.098,-0.305
1573804604841,2019-11-15T15.56.44.841,17.724,0.427,0.854,0.000
1573804604852,2019-11-15T15.56.44.852,17.735,0.122,0.427,0.305
1573804604862,2019-11-15T15.56.44.862,17.745,-0.244,0.122,0.305
1573804604872,2019-11-15T15.56.44.872,17.755,-0.610,0.061,0.244
1573804604882,2019-11-15T15.56.44.882,17.765,-0.732,0.122,0.000
1573804604893,2019-11-15T15.56.44.893,17.776,-0.854,0.061,-0.305
1573804604903,2019-11-15T15.56.44.903,17.786,-0.976,0.244,-0.610
1573804604913,2019-11-15T15.56.44.913,17.796,-0.915,0.244,-0.793
1573804604923,2019-11-15T15.56.44.923,17.806,-0.793,0.122,-0.610
1573804604934,2019-11-15T15.56.44.934,17.817,-0.793,0.000,-0.488
1573804604942,2019-11-15T15.56.44.942,17.825,-0.671,-0.122,-0.305
1573804604953,2019-11-15T15.56.44.953,17.836,-0.793,-0.183,-0.244
1573804604963,2019-11-15T15.56.44.963,17.846,-1.037,-0.122,-0.305
1573804604973,2019-11-15T15.56.44.973,17.856,-1.159,0.061,-0.366
1573804604983,2019-11-15T15.56.44.983,17.866,-1.220,0.061,-0.488
1573804604994,2019-11-15T15.56.44.994,17.877,-1.159,0.122,-0.671
1573804605004,2019-11-15T15.56.45.004,17.887,-1.220,0.122,-0.793
1573804605014,2019-11-15T15.56.45.014,17.897,-1.280,0.183,-0.732
1573804605024,2019-11-15T15.56.45.024,17.907,-1.341,0.122,-0.793
1573804605035,2019-11-15T15.56.45.035,17.918,-1.524,-0.122,-0.976
1573804605045,2019-11-15T15.56.45.045,17.928,-1.463,-0.183,-1.037
1573804605055,2019-11-15T15.56.45.055,17.938,-1.524,-0.610,-0.976
1573804605065,2019-11-15T15.56.45.065,17.948,-1.463,-0.976,-1.159
1573804605074,2019-11-15T15.56.45.074,17.957,-1.646,-0.976,-1.585
1573804605084,2019-11-15T15.56.45.084,17.967,-1.585,-0.671,-2.134
1573804605095,2019-11-15T15.56.45.095,17.978,-1.707,-0.549,-2.317
1573804605105,2019-11-15T15.56.45.105,17.988,-1.768,-0.610,-2.134
1573804605115,2019-11-15T15.56.45.115,17.998,-1.585,-0.854,-1.646
1573804605125,2019-11-15T15.56.45.125,18.008,-1.341,-1.341,-0.671
1573804605136,2019-11-15T15.56.45.136,18.019,-0.671,-1.768,-0.061
1573804605146,2019-11-15T15.56.45.146,18.029,0.000,-1.768,-0.244
1573804605156,2019-11-15T15.56.45.156,18.039,0.427,-1.280,-0.610
1573804605166,2019-11-15T15.56.45.166,18.049,0.915,-0.793,-1.037
1573804605177,2019-11-15T15.56.45.177,18.060,1.159,-0.488,-1.280
1573804605187,2019-11-15T15.56.45.187,18.070,1.280,-0.366,-1.341
1573804605197,2019-11-15T15.56.45.197,18.080,1.402,-0.366,-1.341
1573804605206,2019-11-15T15.56.45.206,18.089,1.220,-0.366,-1.220
1573804605216,2019-11-15T15.56.45.216,18.099,1.159,-0.244,-1.220
1573804605227,2019-11-15T15.56.45.227,18.110,1.037,0.000,-1.463
1573804605237,2019-11-15T15.56.45.237,18.120,1.037,0.244,-1.402
1573804605247,2019-11-15T15.56.45.247,18.130,1.037,0.244,-1.463
1573804605257,2019-11-15T15.56.45.257,18.140,1.037,0.305,-1.646
1573804605268,2019-11-15T15.56.45.268,18.151,0.854,0.183,-1.585
1573804605278,2019-11-15T15.56.45.278,18.161,0.671,0.244,-1.463
1573804605288,2019-11-15T15.56.45.288,18.171,0.671,0.122,-1.098
1573804605298,2019-11-15T15.56.45.298,18.181,0.610,-0.305,-0.793
1573804605309,2019-11-15T15.56.45.309,18.192,0.488,-0.366,-0.671
1573804605319,2019-11-15T15.56.45.319,18.202,0.183,-0.366,-0.732
1573804605329,2019-11-15T15.56.45.329,18.212,-0.183,-0.427,-0.732
1573804605338,2019-11-15T15.56.45.338,18.221,-0.427,-0.671,-0.793
1573804605348,2019-11-15T15.56.45.348,18.231,-0.854,-0.793,-0.915
1573804605358,2019-11-15T15.56.45.358,18.241,-1.220,-1.037,-1.098
1573804605369,2019-11-15T15.56.45.369,18.252,-1.341,-1.220,-1.159
1573804605379,2019-11-15T15.56.45.379,18.262,-1.768,-1.220,-1.220
1573804605389,2019-11-15T15.56.45.389,18.272,-2.134,-1.159,-1.220
1573804605399,2019-11-15T15.56.45.399,18.282,-2.256,-1.220,-0.976
1573804605410,2019-11-15T15.56.45.410,18.293,-2.500,-1.463,-0.793
1573804605420,2019-11-15T15.56.45.420,18.303,-2.744,-1.524,-0.610
1573804605430,2019-11-15T15.56.45.430,18.313,-2.683,-1.402,-0.488
1573804605440,2019-11-15T15.56.45.440,18.323,-2.500,-1.280,-0.610
1573804605451,2019-11-15T15.56.45.451,18.334,-2.256,-1.037,-1.159
1573804605461,2019-11-15T15.56.45.461,18.344,-2.012,-0.793,-1.463
1573804605470,2019-11-15T15.56.45.470,18.353,-1.646,-0.488,-1.646
1573804605480,2019-11-15T15.56.45.480,18.363,-1.341,-0.366,-1.646
1573804605490,2019-11-15T15.56.45.490,18.373,-1.098,-0.366,-1.280
1573804605500,2019-11-15T15.56.45.500,18.383,-0.915,-0.366,-0.854
1573804605511,2019-11-15T15.56.45.511,18.394,-0.793,-0.610,-0.671
1573804605521,2019-11-15T15.56.45.521,18.404,-0.732,-0.610,-0.610
1573804605531,2019-11-15T15.56.45.531,18.414,-0.793,-0.366,-0.793
1573804605541,2019-11-15T15.56.45.541,18.424,-0.671,-0.061,-0.854
1573804605552,2019-11-15T15.56.45.552,18.435,-0.427,0.122,-0.854
1573804605562,2019-11-15T15.56.45.562,18.445,-0.305,0.305,-1.098
1573804605572,2019-11-15T15.56.45.572,18.455,0.061,0.427,-1.463
1573804605583,2019-11-15T15.56.45.583,18.466,0.366,0.610,-1.463
1573804605593,2019-11-15T15.56.45.593,18.476,0.610,0.488,-1.402
1573804605602,2019-11-15T15.56.45.602,18.485,0.976,0.122,-1.037
1573804605612,2019-11-15T15.56.45.612,18.495,1.159,-0.427,-0.366
1573804605622,2019-11-15T15.56.45.622,18.505,1.341,-0.915,0.000
1573804605632,2019-11-15T15.56.45.632,18.515,1.524,-0.854,-0.305
1573804605643,2019-11-15T15.56.45.643,18.526,1.768,-0.488,-0.854
1573804605653,2019-11-15T15.56.45.653,18.536,2.073,-0.244,-1.159
1573804605663,2019-11-15T15.56.45.663,18.546,2.683,-0.366,-1.341
1573804605673,2019-11-15T15.56.45.673,18.556,3.049,-0.671,-1.463
1573804605684,2019-11-15T15.56.45.684,18.567,3.415,-0.915,-1.463
1573804605694,2019-11-15T15.56.45.694,18.577,3.598,-1.098,-1.463
1573804605704,2019-11-15T15.56.45.704,18.587,3.598,-0.915,-1.646
1573804605714,2019-11-15T15.56.45.714,18.597,3.415,-0.488,-1.890
1573804605725,2019-11-15T15.56.45.725,18.608,3.110,-0.061,-1.951
1573804605733,2019-11-15T15.56.45.733,18.616,2.683,0.427,-1.829
1573804605744,2019-11-15T15.56.45.744,18.627,2.622,0.793,-1.768
1573804605754,2019-11-15T15.56.45.754,18.637,2.439,0.976,-1.402
1573804605764,2019-11-15T15.56.45.764,18.647,2.378,0.976,-0.915
1573804605774,2019-11-15T15.56.45.774,18.657,2.561,0.854,-0.488
1573804605785,2019-11-15T15.56.45.785,18.668,2.561,0.671,-0.122
1573804605795,2019-11-15T15.56.45.795,18.678,2.317,0.671,-0.244
1573804605805,2019-11-15T15.56.45.805,18.688,1.890,0.793,-0.427
1573804605815,2019-11-15T15.56.45.815,18.698,1.402,1.037,-0.854
1573804605826,2019-11-15T15.56.45.826,18.709,0.793,1.159,-1.098
1573804605836,2019-11-15T15.56.45.836,18.719,0.244,1.280,-1.220
1573804605846,2019-11-15T15.56.45.846,18.729,-0.183,1.098,-1.159
1573804605856,2019-11-15T15.56.45.856,18.739,-0.427,0.671,-0.976
1573804605865,2019-11-15T15.56.45.865,18.748,-0.671,0.427,-0.976
1573804605875,2019-11-15T15.56.45.875,18.758,-0.854,0.183,-0.976
1573804605886,2019-11-15T15.56.45.886,18.769,-1.159,0.122,-0.976
1573804605896,2019-11-15T15.56.45.896,18.779,-1.463,0.244,-0.976
1573804605906,2019-11-15T15.56.45.906,18.789,-1.646,0.488,-0.915
1573804605916,2019-11-15T15.56.45.916,18.799,-1.829,0.732,-0.793
1573804605927,2019-11-15T15.56.45.927,18.810,-1.890,0.854,-0.427
1573804605937,2019-11-15T15.56.45.937,18.820,-1.646,0.732,-0.122
1573804605947,2019-11-15T15.56.45.947,18.830,-1.220,0.427,-0.183
1573804605958,2019-11-15T15.56.45.958,18.841,-0.915,0.183,-0.305
1573804605968,2019-11-15T15.56.45.968,18.851,-0.549,0.183,-0.610
1573804605978,2019-11-15T15.56.45.978,18.861,-0.305,0.183,-1.098
1573804605987,2019-11-15T15.56.45.987,18.870,0.061,0.183,-1.463
1573804605997,2019-11-15T15.56.45.997,18.880,0.244,0.122,-1.585
1573804606007,2019-11-15T15.56.46.007,18.890,0.244,-0.183,-1.524
1573804606018,2019-11-15T15.56.46.018,18.901,0.244,-0.549,-1.280
1573804606028,2019-11-15T15.56.46.028,18.911,0.122,-0.854,-1.159
1573804606038,2019-11-15T15.56.46.038,18.921,-0.244,-0.915,-0.976
1573804606048,2019-11-15T15.56.46.048,18.931,-0.305,-0.732,-1.037
1573804606059,2019-11-15T15.56.46.059,18.942,-0.122,-0.366,-1.341
1573804606069,2019-11-15T15.56.46.069,18.952,0.061,0.061,-1.768
1573804606079,2019-11-15T15.56.46.079,18.962,0.366,0.488,-1.951
1573804606089,2019-11-15T15.56.46.089,18.972,0.549,0.488,-1.890
1573804606100,2019-11-15T15.56.46.100,18.983,1.037,0.183,-1.280
1573804606110,2019-11-15T15.56.46.110,18.993,1.402,-0.488,-0.305
1573804606119,2019-11-15T15.56.46.119,19.002,1.585,-1.220,0.061
1573804606129,2019-11-15T15.56.46.129,19.012,1.402,-1.098,-0.427
1573804606139,2019-11-15T15.56.46.139,19.022,1.159,-0.427,-1.037
1573804606149,2019-11-15T15.56.46.149,19.032,0.793,0.122,-1.524
1573804606160,2019-11-15T15.56.46.160,19.043,0.671,0.366,-1.951
1573804606170,2019-11-15T15.56.46.170,19.053,0.976,0.305,-2.073
1573804606180,2019-11-15T15.56.46.180,19.063,1.220,-0.061,-2.012
1573804606190,2019-11-15T15.56.46.190,19.073,1.341,-0.366,-1.951
1573804606201,2019-11-15T15.56.46.201,19.084,1.402,-0.305,-1.768
1573804606211,2019-11-15T15.56.46.211,19.094,1.098,-0.122,-1.768
1573804606221,2019-11-15T15.56.46.221,19.104,0.732,0.061,-1.707
1573804606231,2019-11-15T15.56.46.231,19.114,0.244,0.183,-1.585
1573804606242,2019-11-15T15.56.46.242,19.125,-0.305,0.549,-1.402
1573804606250,2019-11-15T15.56.46.250,19.133,-0.671,0.793,-1.341
1573804606261,2019-11-15T15.56.46.261,19.144,-0.793,1.159,-1.159
1573804606271,2019-11-15T15.56.46.271,19.154,-0.732,1.280,-0.793
1573804606281,2019-11-15T15.56.46.281,19.164,-0.610,0.976,-0.488
1573804606291,2019-11-15T15.56.46.291,19.174,-0.549,0.732,-0.488
1573804606302,2019-11-15T15.56.46.302,19.185,-0.671,0.732,-0.732
1573804606312,2019-11-15T15.56.46.312,19.195,-0.793,0.732,-1.159
1573804606322,2019-11-15T15.56.46.322,19.205,-1.159,0.549,-1.341
1573804606333,2019-11-15T15.56.46.333,19.216,-1.524,0.366,-1.585
1573804606343,2019-11-15T15.56.46.343,19.226,-1.768,0.122,-1.707
1573804606353,2019-11-15T15.56.46.353,19.236,-2.012,-0.061,-1.768
1573804606363,2019-11-15T15.56.46.363,19.246,-2.073,-0.061,-1.646
1573804606374,2019-11-15T15.56.46.374,19.257,-2.073,-0.183,-1.524
1573804606382,2019-11-15T15.56.46.382,19.265,-1.829,-0.244,-1.463
1573804606393,2019-11-15T15.56.46.393,19.276,-1.829,0.000,-1.524
1573804606403,2019-11-15T15.56.46.403,19.286,-1.585,0.427,-1.524
1573804606413,2019-11-15T15.56.46.413,19.296,-1.220,0.854,-1.524
1573804606423,2019-11-15T15.56.46.423,19.306,-0.976,1.280,-1.463
1573804606434,2019-11-15T15.56.46.434,19.317,-0.610,1.280,-1.037
1573804606444,2019-11-15T15.56.46.444,19.327,-0.305,0.732,-0.549
1573804606454,2019-11-15T15.56.46.454,19.337,-0.366,0.244,-0.244
1573804606464,2019-11-15T15.56.46.464,19.347,-0.061,-0.061,-0.244
1573804606475,2019-11-15T15.56.46.475,19.358,0.000,-0.244,-0.488
1573804606485,2019-11-15T15.56.46.485,19.368,0.061,-0.244,-0.915
1573804606495,2019-11-15T15.56.46.495,19.378,0.244,-0.122,-1.280
1573804606505,2019-11-15T15.56.46.505,19.388,0.305,-0.305,-1.402
1573804606516,2019-11-15T15.56.46.516,19.399,0.366,-0.610,-1.585
1573804606524,2019-11-15T15.56.46.524,19.407,0.427,-0.549,-1.646
1573804606535,2019-11-15T15.56.46.535,19.418,0.305,-0.671,-1.585
1573804606545,2019-11-15T15.56.46.545,19.428,0.061,-0.549,-1.280
1573804606555,2019-11-15T15.56.46.555,19.438,0.000,-0.488,-1.159
1573804606565,2019-11-15T15.56.46.565,19.448,0.000,0.000,-1.280
1573804606576,2019-11-15T15.56.46.576,19.459,0.061,0.610,-1.402
1573804606586,2019-11-15T15.56.46.586,19.469,0.366,0.854,-1.341
1573804606596,2019-11-15T15.56.46.596,19.479,0.732,0.976,-1.098
1573804606606,2019-11-15T15.56.46.606,19.489,1.280,0.610,-0.427
1573804606617,2019-11-15T15.56.46.617,19.500,1.585,0.000,0.061
1573804606627,2019-11-15T15.56.46.627,19.510,1.585,-0.305,-0.061
1573804606637,2019-11-15T15.56.46.637,19.520,1.524,-0.061,-0.549
1573804606646,2019-11-15T15.56.46.646,19.529,1.463,0.244,-0.793
1573804606656,2019-11-15T15.56.46.656,19.539,1.280,0.488,-0.915
1573804606666,2019-11-15T15.56.46.666,19.549,1.220,0.610,-1.098
1573804606677,2019-11-15T15.56.46.677,19.560,0.976,0.610,-1.220
1573804606687,2019-11-15T15.56.46.687,19.570,0.732,0.671,-1.280
1573804606697,2019-11-15T15.56.46.697,19.580,0.488,0.976,-1.463
1573804606708,2019-11-15T15.56.46.708,19.591,0.427,1.341,-1.585
1573804606718,2019-11-15T15.56.46.718,19.601,0.488,1.402,-1.463
1573804606728,2019-11-15T15.56.46.728,19.611,0.610,1.098,-1.098
1573804606738,2019-11-15T15.56.46.738,19.621,0.915,0.854,-0.854
1573804606749,2019-11-15T15.56.46.749,19.632,0.976,0.793,-0.793
1573804606759,2019-11-15T15.56.46.759,19.642,1.098,0.976,-0.732
1573804606769,2019-11-15T15.56.46.769,19.652,1.098,1.098,-0.793
1573804606779,2019-11-15T15.56.46.779,19.662,0.915,0.976,-0.793
1573804606788,2019-11-15T15.56.46.788,19.671,0.732,1.220,-0.976
1573804606798,2019-11-15T15.56.46.798,19.681,0.305,1.402,-1.220
1573804606809,2019-11-15T15.56.46.809,19.692,0.366,1.341,-1.402
1573804606819,2019-11-15T15.56.46.819,19.702,0.427,1.098,-1.402
1573804606829,2019-11-15T15.56.46.829,19.712,0.366,0.549,-1.280
1573804606839,2019-11-15T15.56.46.839,19.722,0.305,0.061,-1.159
1573804606850,2019-11-15T15.56.46.850,19.733,0.183,-0.244,-0.976
1573804606860,2019-11-15T15.56.46.860,19.743,-0.122,-0.488,-0.854
1573804606870,2019-11-15T15.56.46.870,19.753,-0.549,-0.427,-0.854
1573804606880,2019-11-15T15.56.46.880,19.763,-0.793,0.061,-1.037
1573804606891,2019-11-15T15.56.46.891,19.774,-0.854,0.244,-1.037
1573804606901,2019-11-15T15.56.46.901,19.784,-0.610,0.305,-0.915
1573804606911,2019-11-15T15.56.46.911,19.794,0.000,0.244,-0.854
1573804606920,2019-11-15T15.56.46.920,19.803,0.854,-0.183,-0.671
1573804606930,2019-11-15T15.56.46.930,19.813,1.463,-0.488,-0.427
1573804606940,2019-11-15T15.56.46.940,19.823,1.890,-0.610,-0.366
1573804606951,2019-11-15T15.56.46.951,19.834,1.768,-0.610,-0.427
1573804606961,2019-11-15T15.56.46.961,19.844,1.463,-0.488,-0.488
1573804606971,2019-11-15T15.56.46.971,19.854,1.037,-0.610,-0.427
1573804606981,2019-11-15T15.56.46.981,19.864,0.610,-0.732,-0.488
1573804606992,2019-11-15T15.56.46.992,19.875,0.549,-0.976,-0.549
1573804607002,2019-11-15T15.56.47.002,19.885,0.976,-1.159,-0.732
1573804607012,2019-11-15T15.56.47.012,19.895,1.646,-1.463,-1.220
1573804607022,2019-11-15T15.56.47.022,19.905,2.134,-1.524,-1.646
1573804607033,2019-11-15T15.56.47.033,19.916,2.561,-1.280,-1.829
1573804607041,2019-11-15T15.56.47.041,19.924,2.805,-1.159,-1.646
1573804607052,2019-11-15T15.56.47.052,19.935,2.805,-1.159,-1.159
1573804607062,2019-11-15T15.56.47.062,19.945,2.317,-0.915,-0.976
1573804607072,2019-11-15T15.56.47.072,19.955,1.829,-0.610,-1.098
1573804607083,2019-11-15T15.56.47.083,19.966,1.402,-0.305,-1.220
1573804607093,2019-11-15T15.56.47.093,19.976,1.341,-0.183,-1.220
1573804607103,2019-11-15T15.56.47.103,19.986,1.585,-0.305,-1.037
1573804607113,2019-11-15T15.56.47.113,19.996,2.073,-0.793,-0.427
1573804607124,2019-11-15T15.56.47.124,20.007,2.500,-1.280,-0.122
1573804607134,2019-11-15T15.56.47.134,20.017,2.805,-1.524,-0.366
1573804607144,2019-11-15T15.56.47.144,20.027,2.683,-1.341,-0.610
1573804607154,2019-11-15T15.56.47.154,20.037,2.500,-1.037,-0.915
1573804607165,2019-11-15T15.56.47.165,20.048,2.195,-0.915,-1.280
1573804607175,2019-11-15T15.56.47.175,20.058,1.829,-0.854,-1.646
1573804607184,2019-11-15T15.56.47.184,20.067,1.646,-0.732,-1.829
1573804607194,2019-11-15T15.56.47.194,20.077,1.463,-0.549,-1.768
1573804607204,2019-11-15T15.56.47.204,20.087,1.463,-0.427,-1.524
1573804607214,2019-11-15T15.56.47.214,20.097,1.707,-0.427,-1.280
1573804607225,2019-11-15T15.56.47.225,20.108,1.890,-0.488,-1.220
1573804607235,2019-11-15T15.56.47.235,20.118,1.951,-0.427,-1.159
1573804607245,2019-11-15T15.56.47.245,20.128,1.768,-0.122,-1.220
1573804607255,2019-11-15T15.56.47.255,20.138,1.463,0.366,-1.341
1573804607266,2019-11-15T15.56.47.266,20.149,0.976,1.098,-1.280
1573804607276,2019-11-15T15.56.47.276,20.159,0.366,1.341,-0.793
1573804607286,2019-11-15T15.56.47.286,20.169,-0.427,1.280,-0.122
1573804607296,2019-11-15T15.56.47.296,20.179,-0.915,1.280,0.061
1573804607305,2019-11-15T15.56.47.305,20.188,-0.915,1.159,0.305
1573804607317,2019-11-15T15.56.47.317,20.200,-0.671,0.915,0.244
1573804607326,2019-11-15T15.56.47.326,20.209,-0.183,0.549,-0.122
1573804607336,2019-11-15T15.56.47.336,20.219,0.305,0.427,-0.793
1573804607346,2019-11-15T15.56.47.346,20.229,0.488,0.244,-1.280
1573804607356,2019-11-15T15.56.47.356,20.239,0.427,-0.122,-1.341
1573804607367,2019-11-15T15.56.47.367,20.250,0.244,-0.427,-1.220
1573804607377,2019-11-15T15.56.47.377,20.260,-0.244,-0.671,-1.098
1573804607387,2019-11-15T15.56.47.387,20.270,-0.488,-0.976,-1.098
1573804607397,2019-11-15T15.56.47.397,20.280,-0.366,-1.098,-1.220
1573804607408,2019-11-15T15.56.47.408,20.291,-0.061,-1.159,-1.463
1573804607418,2019-11-15T15.56.47.418,20.301,0.366,-0.976,-1.829
1573804607428,2019-11-15T15.56.47.428,20.311,0.854,-0.732,-2.134
1573804607437,2019-11-15T15.56.47.437,20.320,1.280,-0.732,-2.073
1573804607447,2019-11-15T15.56.47.447,20.330,1.402,-0.793,-1.890
1573804607458,2019-11-15T15.56.47.458,20.341,1.220,-0.793,-1.707
1573804607468,2019-11-15T15.56.47.468,20.351,1.037,-0.854,-1.341
1573804607478,2019-11-15T15.56.47.478,20.361,0.793,-0.976,-1.037
1573804607488,2019-11-15T15.56.47.488,20.371,0.610,-1.098,-1.037
1573804607499,2019-11-15T15.56.47.499,20.382,0.671,-1.341,-0.915
1573804607509,2019-11-15T15.56.47.509,20.392,0.976,-1.220,-1.098
1573804607519,2019-11-15T15.56.47.519,20.402,1.341,-1.159,-1.463
1573804607529,2019-11-15T15.56.47.529,20.412,1.951,-0.976,-1.951
1573804607540,2019-11-15T15.56.47.540,20.423,2.317,-0.854,-2.256
1573804607550,2019-11-15T15.56.47.550,20.433,2.622,-0.793,-2.317
1573804607560,2019-11-15T15.56.47.560,20.443,2.683,-0.793,-2.134
1573804607569,2019-11-15T15.56.47.569,20.452,2.317,-0.671,-2.195
1573804607579,2019-11-15T15.56.47.579,20.462,1.707,-0.244,-2.134
1573804607589,2019-11-15T15.56.47.589,20.472,1.159,0.122,-1.890
1573804607600,2019-11-15T15.56.47.600,20.483,0.793,0.427,-1.646
1573804607610,2019-11-15T15.56.47.610,20.493,0.793,0.549,-0.915
1573804607620,2019-11-15T15.56.47.620,20.503,0.793,-0.061,-0.061
1573804607630,2019-11-15T15.56.47.630,20.513,1.159,-0.610,0.244
1573804607641,2019-11-15T15.56.47.641,20.524,1.646,-0.671,-0.183
1573804607651,2019-11-15T15.56.47.651,20.534,1.707,-0.427,-0.854
1573804607661,2019-11-15T15.56.47.661,20.544,1.707,-0.305,-1.280
1573804607671,2019-11-15T15.56.47.671,20.554,1.646,-0.366,-1.585
1573804607682,2019-11-15T15.56.47.682,20.565,1.341,-0.610,-1.646
1573804607692,2019-11-15T15.56.47.692,20.575,1.159,-0.854,-1.463
1573804607701,2019-11-15T15.56.47.701,20.584,0.976,-0.793,-1.524
1573804607711,2019-11-15T15.56.47.711,20.594,0.732,-0.488,-1.463
1573804607721,2019-11-15T15.56.47.721,20.604,0.549,0.183,-1.585
1573804607731,2019-11-15T15.56.47.731,20.614,0.671,0.671,-1.524
1573804607742,2019-11-15T15.56.47.742,20.625,0.732,0.793,-1.341
1573804607752,2019-11-15T15.56.47.752,20.635,0.732,0.976,-1.341
1573804607762,2019-11-15T15.56.47.762,20.645,0.854,1.098,-1.098
1573804607772,2019-11-15T15.56.47.772,20.655,0.976,1.037,-0.915
1573804607783,2019-11-15T15.56.47.783,20.666,1.098,0.793,-0.854
1573804607793,2019-11-15T15.56.47.793,20.676,1.037,0.305,-0.732
1573804607803,2019-11-15T15.56.47.803,20.686,0.976,0.000,-0.854
1573804607813,2019-11-15T15.56.47.813,20.696,1.037,0.000,-1.098
1573804607824,2019-11-15T15.56.47.824,20.707,0.854,0.122,-1.341
1573804607833,2019-11-15T15.56.47.833,20.716,0.671,0.122,-1.707
1573804607843,2019-11-15T15.56.47.843,20.726,0.732,0.061,-2.134
1573804607853,2019-11-15T15.56.47.853,20.736,0.793,0.244,-2.378
1573804607863,2019-11-15T15.56.47.863,20.746,0.976,0.183,-2.378
1573804607874,2019-11-15T15.56.47.874,20.757,0.976,0.305,-2.195
1573804607884,2019-11-15T15.56.47.884,20.767,1.220,0.427,-2.012
1573804607894,2019-11-15T15.56.47.894,20.777,1.402,0.671,-1.646
1573804607904,2019-11-15T15.56.47.904,20.787,1.402,0.915,-1.098
1573804607915,2019-11-15T15.56.47.915,20.798,1.280,1.159,-0.854
1573804607925,2019-11-15T15.56.47.925,20.808,1.463,1.159,-0.427
1573804607935,2019-11-15T15.56.47.935,20.818,1.341,0.732,-0.061
1573804607945,2019-11-15T15.56.47.945,20.828,1.159,0.305,-0.244
1573804607956,2019-11-15T15.56.47.956,20.839,1.280,0.061,-0.915
1573804607966,2019-11-15T15.56.47.966,20.849,1.341,0.305,-1.646
1573804607975,2019-11-15T15.56.47.975,20.858,1.402,0.732,-2.378
1573804607985,2019-11-15T15.56.47.985,20.868,1.707,1.037,-2.683
1573804607995,2019-11-15T15.56.47.995,20.878,2.134,1.037,-2.439
1573804608005,2019-11-15T15.56.48.005,20.888,2.439,0.854,-2.012
1573804608016,2019-11-15T15.56.48.016,20.899,2.683,0.732,-1.585
1573804608026,2019-11-15T15.56.48.026,20.909,2.805,0.732,-1.402
1573804608036,2019-11-15T15.56.48.036,20.919,2.683,1.098,-1.463
1573804608046,2019-11-15T15.56.48.046,20.929,2.561,1.585,-1.646
1573804608057,2019-11-15T15.56.48.057,20.940,2.378,1.951,-1.707
1573804608067,2019-11-15T15.56.48.067,20.950,2.256,2.256,-1.646
1573804608077,2019-11-15T15.56.48.077,20.960,2.134,2.317,-1.646
1573804608087,2019-11-15T15.56.48.087,20.970,2.256,2.378,-1.829
1573804608096,2019-11-15T15.56.48.096,20.979,2.561,2.073,-1.768
1573804608106,2019-11-15T15.56.48.106,20.989,2.866,1.646,-1.402
1573804608117,2019-11-15T15.56.48.117,21.000,3.171,1.037,-0.793
1573804608127,2019-11-15T15.56.48.127,21.010,3.415,0.183,0.000
1573804608137,2019-11-15T15.56.48.137,21.020,3.415,-0.671,0.305
1573804608147,2019-11-15T15.56.48.147,21.030,3.354,-0.976,0.061
1573804608158,2019-11-15T15.56.48.158,21.041,3.110,-0.976,-0.366
1573804608168,2019-11-15T15.56.48.168,21.051,2.927,-0.976,-0.732
1573804608178,2019-11-15T15.56.48.178,21.061,2.805,-1.098,-0.976
1573804608188,2019-11-15T15.56.48.188,21.071,2.683,-1.585,-1.220
1573804608199,2019-11-15T15.56.48.199,21.082,2.805,-2.073,-1.280
1573804608209,2019-11-15T15.56.48.209,21.092,2.744,-2.378,-1.280
1573804608219,2019-11-15T15.56.48.219,21.102,2.683,-2.500,-1.341
1573804608228,2019-11-15T15.56.48.228,21.111,2.683,-2.195,-1.280
1573804608238,2019-11-15T15.56.48.238,21.121,2.439,-1.768,-1.098
1573804608249,2019-11-15T15.56.48.249,21.132,1.951,-1.524,-0.732
1573804608259,2019-11-15T15.56.48.259,21.142,1.646,-1.341,-0.305
1573804608269,2019-11-15T15.56.48.269,21.152,1.159,-1.341,-0.061
1573804608279,2019-11-15T15.56.48.279,21.162,0.976,-1.037,0.000
1573804608290,2019-11-15T15.56.48.290,21.173,1.037,-0.976,0.000
1573804608300,2019-11-15T15.56.48.300,21.183,1.341,-1.098,-0.122
1573804608310,2019-11-15T15.56.48.310,21.193,1.341,-0.915,-0.427
1573804608320,2019-11-15T15.56.48.320,21.203,1.463,-0.732,-0.427
1573804608331,2019-11-15T15.56.48.331,21.214,1.341,-0.854,-0.305
1573804608341,2019-11-15T15.56.48.341,21.224,1.159,-0.854,-0.427
1573804608351,2019-11-15T15.56.48.351,21.234,0.610,-0.671,-0.610
1573804608360,2019-11-15T15.56.48.360,21.243,0.000,-0.488,-0.732
1573804608370,2019-11-15T15.56.48.370,21.253,-0.488,-0.061,-1.037
1573804608380,2019-11-15T15.56.48.380,21.263,-0.671,0.549,-1.341
1573804608391,2019-11-15T15.56.48.391,21.274,-0.488,1.098,-1.585
1573804608401,2019-11-15T15.56.48.401,21.284,0.000,1.463,-1.220
1573804608411,2019-11-15T15.56.48.411,21.294,0.549,1.463,-0.793
1573804608421,2019-11-15T15.56.48.421,21.304,1.280,1.220,-0.183
1573804608432,2019-11-15T15.56.48.432,21.315,1.890,0.915,0.366
1573804608442,2019-11-15T15.56.48.442,21.325,2.317,0.732,0.488
1573804608452,2019-11-15T15.56.48.452,21.335,2.439,0.610,0.183
1573804608462,2019-11-15T15.56.48.462,21.345,2.317,0.610,-0.183
1573804608473,2019-11-15T15.56.48.473,21.356,1.829,0.793,-0.427
1573804608483,2019-11-15T15.56.48.483,21.366,1.341,0.793,-0.610
1573804608492,2019-11-15T15.56.48.492,21.375,1.037,0.427,-0.427
1573804608502,2019-11-15T15.56.48.502,21.385,0.976,0.061,-0.122
1573804608512,2019-11-15T15.56.48.512,21.395,1.341,-0.488,0.000
1573804608522,2019-11-15T15.56.48.522,21.405,1.768,-0.854,-0.244
1573804608533,2019-11-15T15.56.48.533,21.416,2.073,-0.915,-0.732
1573804608543,2019-11-15T15.56.48.543,21.426,2.561,-0.732,-1.280
1573804608553,2019-11-15T15.56.48.553,21.436,2.500,-0.610,-1.341
1573804608563,2019-11-15T15.56.48.563,21.446,2.073,-0.610,-0.976
1573804608574,2019-11-15T15.56.48.574,21.457,1.463,-0.732,-0.732
1573804608584,2019-11-15T15.56.48.584,21.467,0.793,-0.671,-0.610
1573804608594,2019-11-15T15.56.48.594,21.477,0.244,-0.488,-0.732
1573804608604,2019-11-15T15.56.48.604,21.487,-0.061,-0.061,-0.854
1573804608615,2019-11-15T15.56.48.615,21.498,-0.122,0.244,-0.915
1573804608624,2019-11-15T15.56.48.624,21.507,0.122,0.366,-0.671
1573804608634,2019-11-15T15.56.48.634,21.517,0.244,0.366,-0.366
1573804608644,2019-11-15T15.56.48.644,21.527,0.427,0.244,-0.244
1573804608654,2019-11-15T15.56.48.654,21.537,0.549,0.244,-0.183
1573804608665,2019-11-15T15.56.48.665,21.548,0.427,0.366,-0.183
1573804608675,2019-11-15T15.56.48.675,21.558,0.183,0.427,-0.183
1573804608685,2019-11-15T15.56.48.685,21.568,0.000,0.427,-0.427
1573804608695,2019-11-15T15.56.48.695,21.578,0.000,0.305,-0.610
1573804608706,2019-11-15T15.56.48.706,21.589,0.000,0.366,-0.854
1573804608716,2019-11-15T15.56.48.716,21.599,0.305,0.488,-1.098
1573804608726,2019-11-15T15.56.48.726,21.609,0.549,0.427,-1.220
1573804608736,2019-11-15T15.56.48.736,21.619,0.793,0.244,-1.280
1573804608747,2019-11-15T15.56.48.747,21.630,0.854,0.305,-1.463
1573804608755,2019-11-15T15.56.48.755,21.638,0.976,0.610,-1.585
1573804608766,2019-11-15T15.56.48.766,21.649,0.976,0.732,-1.646
1573804608776,2019-11-15T15.56.48.776,21.659,0.976,0.671,-1.768
1573804608786,2019-11-15T15.56.48.786,21.669,1.098,0.793,-1.768
1573804608796,2019-11-15T15.56.48.796,21.679,1.098,0.671,-1.768
1573804608807,2019-11-15T15.56.48.807,21.690,0.915,0.793,-1.890
1573804608817,2019-11-15T15.56.48.817,21.700,0.732,1.037,-2.134
1573804608827,2019-11-15T15.56.48.827,21.710,0.671,1.220,-2.439
1573804608837,2019-11-15T15.56.48.837,21.720,0.427,1.280,-2.439
1573804608848,2019-11-15T15.56.48.848,21.731,0.244,1.098,-2.195
1573804608858,2019-11-15T15.56.48.858,21.741,0.427,0.610,-1.890
1573804608868,2019-11-15T15.56.48.868,21.751,0.366,0.122,-1.585
1573804608878,2019-11-15T15.56.48.878,21.761,0.366,-0.244,-1.341
1573804608887,2019-11-15T15.56.48.887,21.770,0.366,-0.427,-1.280
1573804608897,2019-11-15T15.56.48.897,21.780,0.549,-0.427,-1.402
1573804608908,2019-11-15T15.56.48.908,21.791,0.488,-0.488,-1.463
1573804608918,2019-11-15T15.56.48.918,21.801,0.488,-0.671,-1.463
1573804608928,2019-11-15T15.56.48.928,21.811,0.671,-1.037,-1.159
1573804608938,2019-11-15T15.56.48.938,21.821,0.732,-1.585,-0.732
1573804608949,2019-11-15T15.56.48.949,21.832,0.793,-2.134,-0.671
1573804608959,2019-11-15T15.56.48.959,21.842,0.732,-2.195,-0.732
1573804608969,2019-11-15T15.56.48.969,21.852,0.671,-1.951,-0.793
1573804608979,2019-11-15T15.56.48.979,21.862,0.610,-1.646,-1.037
1573804608990,2019-11-15T15.56.48.990,21.873,0.671,-1.341,-1.341
1573804609000,2019-11-15T15.56.49.000,21.883,0.854,-0.976,-1.463
1573804609010,2019-11-15T15.56.49.010,21.893,1.159,-0.610,-1.463
1573804609019,2019-11-15T15.56.49.019,21.902,1.402,-0.549,-1.402
1573804609029,2019-11-15T15.56.49.029,21.912,1.585,-0.488,-1.220
1573804609040,2019-11-15T15.56.49.040,21.923,1.707,-0.549,-1.098
1573804609050,2019-11-15T15.56.49.050,21.933,1.768,-0.549,-0.976
1573804609060,2019-11-15T15.56.49.060,21.943,1.585,-0.488,-0.732
1573804609070,2019-11-15T15.56.49.070,21.953,1.341,-0.183,-0.610
1573804609081,2019-11-15T15.56.49.081,21.964,0.976,0.244,-0.976
1573804609091,2019-11-15T15.56.49.091,21.974,0.549,0.915,-1.220
1573804609101,2019-11-15T15.56.49.101,21.984,0.549,0.976,-1.098
1573804609111,2019-11-15T15.56.49.111,21.994,0.488,0.732,-0.854
1573804609122,2019-11-15T15.56.49.122,22.005,0.671,0.549,-0.488
1573804609132,2019-11-15T15.56.49.132,22.015,1.220,0.183,0.000
1573804609142,2019-11-15T15.56.49.142,22.025,2.134,-0.122,0.244
1573804609151,2019-11-15T15.56.49.151,22.034,3.110,0.061,-0.061
1573804609161,2019-11-15T15.56.49.161,22.044,3.720,0.427,-0.427
1573804609171,2019-11-15T15.56.49.171,22.054,4.085,0.610,-0.366
1573804609182,2019-11-15T15.56.49.182,22.065,4.146,0.244,-0.305
1573804609192,2019-11-15T15.56.49.192,22.075,4.268,-0.244,-0.061
1573804609202,2019-11-15T15.56.49.202,22.085,3.963,-0.793,-0.061
1573804609212,2019-11-15T15.56.49.212,22.095,3.659,-0.915,-0.244
1573804609223,2019-11-15T15.56.49.223,22.106,3.476,-0.915,-0.488
1573804609233,2019-11-15T15.56.49.233,22.116,3.232,-0.732,-0.732
1573804609243,2019-11-15T15.56.49.243,22.126,2.988,-0.610,-0.732
1573804609253,2019-11-15T15.56.49.253,22.136,2.744,-0.671,-0.732
1573804609264,2019-11-15T15.56.49.264,22.147,2.439,-0.732,-0.671
1573804609274,2019-11-15T15.56.49.274,22.157,2.012,-0.915,-0.488
1573804609283,2019-11-15T15.56.49.283,22.166,1.585,-1.159,-0.183
1573804609293,2019-11-15T15.56.49.293,22.176,1.159,-1.402,0.305
1573804609303,2019-11-15T15.56.49.303,22.186,0.671,-1.585,0.366
1573804609313,2019-11-15T15.56.49.313,22.196,0.122,-1.524,0.122
1573804609324,2019-11-15T15.56.49.324,22.207,-0.427,-1.220,-0.244
1573804609334,2019-11-15T15.56.49.334,22.217,-0.976,-0.976,-0.549
1573804609344,2019-11-15T15.56.49.344,22.227,-1.585,-0.793,-0.854
1573804609354,2019-11-15T15.56.49.354,22.237,-2.134,-0.793,-0.915
1573804609365,2019-11-15T15.56.49.365,22.248,-2.622,-0.854,-0.854
1573804609375,2019-11-15T15.56.49.375,22.258,-3.049,-0.610,-0.915
1573804609385,2019-11-15T15.56.49.385,22.268,-3.354,-0.122,-0.915
1573804609396,2019-11-15T15.56.49.396,22.279,-3.598,0.305,-0.732
1573804609404,2019-11-15T15.56.49.404,22.287,-3.720,0.915,-0.610
1573804609415,2019-11-15T15.56.49.415,22.298,-3.902,1.402,-0.244
1573804609425,2019-11-15T15.56.49.425,22.308,-4.085,1.585,0.244
1573804609435,2019-11-15T15.56.49.435,22.318,-4.146,1.768,0.183
1573804609445,2019-11-15T15.56.49.445,22.328,-4.268,1.890,0.061
1573804609456,2019-11-15T15.56.49.456,22.339,-4.329,2.012,-0.305
1573804609466,2019-11-15T15.56.49.466,22.349,-4.329,2.256,-0.671
1573804609476,2019-11-15T15.56.49.476,22.359,-4.146,2.439,-0.915
1573804609486,2019-11-15T15.56.49.486,22.369,-3.720,2.378,-0.671
1573804609497,2019-11-15T15.56.49.497,22.380,-3.780,2.195,-0.305
1573804609507,2019-11-15T15.56.49.507,22.390,-3.537,1.829,0.305
1573804609517,2019-11-15T15.56.49.517,22.400,-3.293,1.159,0.732
1573804609527,2019-11-15T15.56.49.527,22.410,-3.110,0.671,0.793
1573804609536,2019-11-15T15.56.49.536,22.419,-3.049,0.427,0.427
1573804609546,2019-11-15T15.56.49.546,22.429,-2.805,0.488,0.000
1573804609557,2019-11-15T15.56.49.557,22.440,-2.317,0.305,-0.183
1573804609567,2019-11-15T15.56.49.567,22.450,-2.134,-0.122,-0.366
1573804609577,2019-11-15T15.56.49.577,22.460,-1.707,-0.244,-0.732
1573804609587,2019-11-15T15.56.49.587,22.470,-1.280,-0.183,-0.915
1573804609598,2019-11-15T15.56.49.598,22.481,-0.793,-0.122,-0.854
1573804609608,2019-11-15T15.56.49.608,22.491,-0.549,-0.061,-0.610
1573804609618,2019-11-15T15.56.49.618,22.501,-0.061,0.000,0.000
1573804609628,2019-11-15T15.56.49.628,22.511,0.549,-0.244,0.854
1573804609639,2019-11-15T15.56.49.639,22.522,1.159,-0.244,1.098
1573804609649,2019-11-15T15.56.49.649,22.532,1.707,0.427,0.610
1573804609659,2019-11-15T15.56.49.659,22.542,2.439,1.220,0.122
1573804609669,2019-11-15T15.56.49.669,22.552,2.927,1.585,0.000
1573804609678,2019-11-15T15.56.49.678,22.561,3.537,1.402,-0.061
1573804609688,2019-11-15T15.56.49.688,22.571,3.963,1.037,-0.122
1573804609699,2019-11-15T15.56.49.699,22.582,4.268,0.488,-0.305
1573804609709,2019-11-15T15.56.49.709,22.592,4.573,0.000,-0.854
1573804609719,2019-11-15T15.56.49.719,22.602,4.695,-0.366,-1.524
1573804609729,2019-11-15T15.56.49.729,22.612,4.817,-1.159,-2.195
1573804609740,2019-11-15T15.56.49.740,22.623,5.061,-2.256,-2.805
1573804609750,2019-11-15T15.56.49.750,22.633,5.244,-3.659,-3.720
1573804609760,2019-11-15T15.56.49.760,22.643,5.549,-5.061,-4.634
1573804609771,2019-11-15T15.56.49.771,22.654,5.976,-5.976,-5.488
1573804609781,2019-11-15T15.56.49.781,22.664,6.402,-6.890,-6.707
1573804609791,2019-11-15T15.56.49.791,22.674,7.073,-7.866,-8.232
1573804609801,2019-11-15T15.56.49.801,22.684,7.927,-8.293,-9.756
1573804609810,2019-11-15T15.56.49.810,22.693,8.902,-7.866,-11.037
1573804609820,2019-11-15T15.56.49.820,22.703,9.451,-7.073,-12.500
1573804609831,2019-11-15T15.56.49.831,22.714,10.000,-6.463,-14.085
1573804609841,2019-11-15T15.56.49.841,22.724,10.793,-6.341,-15.305
1573804609851,2019-11-15T15.56.49.851,22.734,11.463,-6.646,-15.915
1573804609861,2019-11-15T15.56.49.861,22.744,11.707,-7.134,-16.098
1573804609872,2019-11-15T15.56.49.872,22.755,11.951,-7.805,-15.976
1573804609882,2019-11-15T15.56.49.882,22.765,11.951,-8.476,-15.549
1573804609892,2019-11-15T15.56.49.892,22.775,11.159,-8.902,-14.939
1573804609902,2019-11-15T15.56.49.902,22.785,10.183,-9.146,-14.390
1573804609913,2019-11-15T15.56.49.913,22.796,9.268,-9.329,-13.780
1573804609923,2019-11-15T15.56.49.923,22.806,8.415,-9.512,-12.866
1573804609933,2019-11-15T15.56.49.933,22.816,7.866,-9.634,-12.073
1573804609942,2019-11-15T15.56.49.942,22.825,8.110,-9.451,-11.220
1573804609952,2019-11-15T15.56.49.952,22.835,9.085,-8.841,-10.793
1573804609962,2019-11-15T15.56.49.962,22.845,10.732,-8.049,-10.122
1573804609973,2019-11-15T15.56.49.973,22.856,12.927,-7.256,-9.146
1573804609983,2019-11-15T15.56.49.983,22.866,15.366,-6.585,-8.049
1573804609993,2019-11-15T15.56.49.993,22.876,17.805,-6.341,-6.707
1573804610003,2019-11-15T15.56.50.003,22.886,19.634,-6.341,-5.366
1573804610014,2019-11-15T15.56.50.014,22.897,20.244,-6.280,-3.841
1573804610024,2019-11-15T15.56.50.024,22.907,19.634,-6.098,-1.890
1573804610034,2019-11-15T15.56.50.034,22.917,18.354,-6.037,0.061
1573804610044,2019-11-15T15.56.50.044,22.927,15.976,-5.976,2.195
1573804610055,2019-11-15T15.56.50.055,22.938,12.561,-6.037,4.146
1573804610063,2019-11-15T15.56.50.063,22.946,8.963,-6.402,5.976
1573804610074,2019-11-15T15.56.50.074,22.957,5.305,-6.463,7.378
1573804610084,2019-11-15T15.56.50.084,22.967,1.829,-6.037,8.110
1573804610094,2019-11-15T15.56.50.094,22.977,-1.220,-5.427,8.476
1573804610104,2019-11-15T15.56.50.104,22.987,-3.780,-4.817,9.085
1573804610115,2019-11-15T15.56.50.115,22.998,-5.610,-4.512,9.695
1573804610125,2019-11-15T15.56.50.125,23.008,-6.829,-4.268,9.634
1573804610135,2019-11-15T15.56.50.135,23.018,-7.561,-3.659,9.146
1573804610146,2019-11-15T15.56.50.146,23.029,-7.988,-3.171,8.293
1573804610156,2019-11-15T15.56.50.156,23.039,-8.110,-2.439,7.195
1573804610166,2019-11-15T15.56.50.166,23.049,-8.049,-1.463,5.854
1573804610176,2019-11-15T15.56.50.176,23.059,-7.744,-0.244,5.000
1573804610187,2019-11-15T15.56.50.187,23.070,-7.622,0.671,4.268
1573804610195,2019-11-15T15.56.50.195,23.078,-7.195,1.890,3.902
1573804610206,2019-11-15T15.56.50.206,23.089,-6.890,3.476,3.841
1573804610216,2019-11-15T15.56.50.216,23.099,-6.646,4.817,4.146
1573804610226,2019-11-15T15.56.50.226,23.109,-6.402,6.098,4.939
1573804610236,2019-11-15T15.56.50.236,23.119,-6.220,6.890,6.098
1573804610247,2019-11-15T15.56.50.247,23.130,-5.915,7.073,7.805
1573804610257,2019-11-15T15.56.50.257,23.140,-5.671,6.646,9.939
1573804610267,2019-11-15T15.56.50.267,23.150,-5.488,5.854,12.500
1573804610277,2019-11-15T15.56.50.277,23.160,-4.817,4.756,15.122
1573804610288,2019-11-15T15.56.50.288,23.171,-4.207,3.293,17.561
1573804610298,2019-11-15T15.56.50.298,23.181,-3.415,2.134,19.512
1573804610308,2019-11-15T15.56.50.308,23.191,-2.866,1.951,20.976
1573804610318,2019-11-15T15.56.50.318,23.201,-2.439,2.805,21.524
1573804610327,2019-11-15T15.56.50.327,23.210,-2.256,4.024,21.280
1573804610337,2019-11-15T15.56.50.337,23.220,-2.378,4.817,20.976
1573804610348,2019-11-15T15.56.50.348,23.231,-2.195,5.488,20.671
1573804610358,2019-11-15T15.56.50.358,23.241,-4.451,7.195,20.671
1573804610368,2019-11-15T15.56.50.368,23.251,-7.988,7.683,19.756
1573804610378,2019-11-15T15.56.50.378,23.261,-8.049,5.854,17.683
1573804610389,2019-11-15T15.56.50.389,23.272,-10.305,5.244,16.159
1573804610399,2019-11-15T15.56.50.399,23.282,-13.720,5.122,12.683
1573804610409,2019-11-15T15.56.50.409,23.292,-14.024,4.939,9.329
1573804610419,2019-11-15T15.56.50.419,23.302,-12.500,5.305,7.378
1573804610430,2019-11-15T15.56.50.430,23.313,-11.890,5.488,5.366
1573804610440,2019-11-15T15.56.50.440,23.323,-11.768,5.732,2.317
1573804610450,2019-11-15T15.56.50.450,23.333,-10.305,6.098,-0.305
1573804610459,2019-11-15T15.56.50.459,23.342,-7.927,5.915,-2.256
1573804610469,2019-11-15T15.56.50.469,23.352,-5.732,5.061,-4.390
1573804610479,2019-11-15T15.56.50.479,23.362,-3.171,4.268,-6.829
1573804610490,2019-11-15T15.56.50.490,23.373,-0.366,3.720,-9.268
1573804610500,2019-11-15T15.56.50.500,23.383,1.707,3.537,-11.890
1573804610510,2019-11-15T15.56.50.510,23.393,2.927,4.573,-14.939
1573804610521,2019-11-15T15.56.50.521,23.404,3.476,6.890,-17.195
1573804610531,2019-11-15T15.56.50.531,23.414,3.841,9.329,-17.988
1573804610541,2019-11-15T15.56.50.541,23.424,4.573,10.671,-17.195
1573804610551,2019-11-15T15.56.50.551,23.434,5.976,11.341,-15.000
1573804610562,2019-11-15T15.56.50.562,23.445,7.683,11.463,-12.378
1573804610572,2019-11-15T15.56.50.572,23.455,9.207,11.707,-9.695
1573804610582,2019-11-15T15.56.50.582,23.465,10.976,11.646,-7.256
1573804610591,2019-11-15T15.56.50.591,23.474,12.927,11.098,-4.451
1573804610601,2019-11-15T15.56.50.601,23.484,14.451,10.122,-1.829
1573804610611,2019-11-15T15.56.50.611,23.494,15.549,8.780,0.122
1573804610622,2019-11-15T15.56.50.622,23.505,15.976,8.049,0.976
1573804610632,2019-11-15T15.56.50.632,23.515,16.220,7.927,0.488
1573804610642,2019-11-15T15.56.50.642,23.525,16.159,8.049,-0.183
1573804610652,2019-11-15T15.56.50.652,23.535,15.793,7.927,-1.037
1573804610663,2019-11-15T15.56.50.663,23.546,14.817,7.439,-2.439
1573804610673,2019-11-15T15.56.50.673,23.556,12.988,6.829,-4.329
1573804610683,2019-11-15T15.56.50.683,23.566,10.488,6.220,-6.463
1573804610693,2019-11-15T15.56.50.693,23.576,7.439,5.305,-8.598
1573804610704,2019-11-15T15.56.50.704,23.587,4.512,4.146,-10.427
1573804610714,2019-11-15T15.56.50.714,23.597,1.768,2.744,-11.768
1573804610723,2019-11-15T15.56.50.723,23.606,-0.244,0.976,-12.744
1573804610733,2019-11-15T15.56.50.733,23.616,-1.220,-0.976,-13.415
1573804610743,2019-11-15T15.56.50.743,23.626,-1.341,-2.622,-13.720
1573804610753,2019-11-15T15.56.50.753,23.636,-0.915,-4.207,-13.841
1573804610764,2019-11-15T15.56.50.764,23.647,0.244,-5.671,-13.780
1573804610774,2019-11-15T15.56.50.774,23.657,1.890,-6.829,-13.598
1573804610784,2019-11-15T15.56.50.784,23.667,3.598,-7.622,-13.720
1573804610794,2019-11-15T15.56.50.794,23.677,5.427,-8.232,-13.598
1573804610805,2019-11-15T15.56.50.805,23.688,7.073,-8.780,-13.415
1573804610815,2019-11-15T15.56.50.815,23.698,8.780,-9.512,-13.293
1573804610825,2019-11-15T15.56.50.825,23.708,9.939,-10.183,-13.049
1573804610835,2019-11-15T15.56.50.835,23.718,11.280,-10.976,-12.744
1573804610846,2019-11-15T15.56.50.846,23.729,12.866,-11.951,-12.256
1573804610854,2019-11-15T15.56.50.854,23.737,14.695,-13.415,-11.829
1573804610865,2019-11-15T15.56.50.865,23.748,16.646,-14.878,-11.890
1573804610875,2019-11-15T15.56.50.875,23.758,18.841,-16.098,-12.378
1573804610885,2019-11-15T15.56.50.885,23.768,21.463,-16.890,-13.171
1573804610896,2019-11-15T15.56.50.896,23.779,22.866,-17.134,-14.146
1573804610906,2019-11-15T15.56.50.906,23.789,23.841,-17.561,-15.610
1573804610916,2019-11-15T15.56.50.916,23.799,25.000,-17.256,-16.951
1573804610926,2019-11-15T15.56.50.926,23.809,24.329,-15.610,-17.927
1573804610937,2019-11-15T15.56.50.937,23.820,22.744,-14.939,-18.171
1573804610947,2019-11-15T15.56.50.947,23.830,21.220,-15.244,-17.317
1573804610957,2019-11-15T15.56.50.957,23.840,18.963,-15.122,-16.402
1573804610967,2019-11-15T15.56.50.967,23.850,15.793,-14.146,-16.463
1573804610978,2019-11-15T15.56.50.978,23.861,12.439,-12.256,-17.134
1573804610986,2019-11-15T15.56.50.986,23.869,9.573,-9.817,-17.439
1573804610997,2019-11-15T15.56.50.997,23.880,7.073,-7.134,-17.439
1573804611007,2019-11-15T15.56.51.007,23.890,4.817,-4.939,-17.195
1573804611017,2019-11-15T15.56.51.017,23.900,2.500,-3.171,-16.402
1573804611027,2019-11-15T15.56.51.027,23.910,0.366,-1.829,-15.183
1573804611038,2019-11-15T15.56.51.038,23.921,-1.402,-0.854,-13.720
1573804611048,2019-11-15T15.56.51.048,23.931,-3.293,0.244,-12.378
1573804611058,2019-11-15T15.56.51.058,23.941,-5.061,1.341,-10.915
1573804611068,2019-11-15T15.56.51.068,23.951,-6.585,2.134,-9.390
1573804611079,2019-11-15T15.56.51.079,23.962,-7.988,2.866,-7.622
1573804611089,2019-11-15T15.56.51.089,23.972,-9.268,3.232,-5.488
1573804611099,2019-11-15T15.56.51.099,23.982,-10.183,2.744,-2.988
1573804611109,2019-11-15T15.56.51.109,23.992,-10.427,2.073,-0.854
1573804611118,2019-11-15T15.56.51.118,24.001,-10.122,1.890,0.854
1573804611128,2019-11-15T15.56.51.128,24.011,-9.512,2.012,1.829
1573804611139,2019-11-15T15.56.51.139,24.022,-8.537,2.378,2.622
1573804611149,2019-11-15T15.56.51.149,24.032,-7.561,2.500,3.110
1573804611159,2019-11-15T15.56.51.159,24.042,-6.768,2.622,3.232
1573804611169,2019-11-15T15.56.51.169,24.052,-6.037,2.500,3.354
1573804611180,2019-11-15T15.56.51.180,24.063,-5.610,2.256,3.171
1573804611190,2019-11-15T15.56.51.190,24.073,-5.366,1.951,2.744
1573804611200,2019-11-15T15.56.51.200,24.083,-5.244,1.707,2.134
1573804611210,2019-11-15T15.56.51.210,24.093,-5.183,1.402,1.341
1573804611221,2019-11-15T15.56.51.221,24.104,-5.000,1.220,0.305
1573804611231,2019-11-15T15.56.51.231,24.114,-4.817,0.915,-0.427
1573804611241,2019-11-15T15.56.51.241,24.124,-4.512,0.793,-1.220
1573804611250,2019-11-15T15.56.51.250,24.133,-3.963,0.732,-1.890
1573804611260,2019-11-15T15.56.51.260,24.143,-3.354,0.793,-2.134
1573804611271,2019-11-15T15.56.51.271,24.154,-2.561,0.793,-2.012
1573804611281,2019-11-15T15.56.51.281,24.164,-1.951,0.305,-1.890
1573804611291,2019-11-15T15.56.51.291,24.174,-1.646,-0.305,-1.707
1573804611301,2019-11-15T15.56.51.301,24.184,-1.646,-0.671,-1.646
1573804611312,2019-11-15T15.56.51.312,24.195,-2.683,-1.037,-1.585
1573804611322,2019-11-15T15.56.51.322,24.205,-4.817,-1.341,-1.524
1573804611332,2019-11-15T15.56.51.332,24.215,-6.829,-1.463,-1.402
1573804611342,2019-11-15T15.56.51.342,24.225,-8.415,-1.829,-0.976
1573804611353,2019-11-15T15.56.51.353,24.236,-9.146,-2.683,-0.061
1573804611363,2019-11-15T15.56.51.363,24.246,-8.720,-4.024,1.524
1573804611372,2019-11-15T15.56.51.372,24.255,-7.195,-5.671,3.293
1573804611382,2019-11-15T15.56.51.382,24.265,-4.695,-7.378,5.000
1573804611392,2019-11-15T15.56.51.392,24.275,-1.585,-8.537,6.341
1573804611402,2019-11-15T15.56.51.402,24.285,2.012,-9.268,7.378
1573804611413,2019-11-15T15.56.51.413,24.296,5.488,-9.390,7.866
1573804611423,2019-11-15T15.56.51.423,24.306,8.720,-8.963,7.805
1573804611433,2019-11-15T15.56.51.433,24.316,11.524,-8.110,7.317
1573804611443,2019-11-15T15.56.51.443,24.326,13.841,-7.073,6.707
1573804611454,2019-11-15T15.56.51.454,24.337,15.427,-6.220,6.037
1573804611464,2019-11-15T15.56.51.464,24.347,16.280,-5.610,5.183
1573804611474,2019-11-15T15.56.51.474,24.357,16.768,-4.817,4.390
1573804611484,2019-11-15T15.56.51.484,24.367,16.524,-3.476,3.293
1573804611495,2019-11-15T15.56.51.495,24.378,15.976,-2.012,2.195
1573804611503,2019-11-15T15.56.51.503,24.386,15.061,-0.549,1.220
1573804611514,2019-11-15T15.56.51.514,24.397,13.841,0.732,0.122
1573804611524,2019-11-15T15.56.51.524,24.407,12.561,2.012,-1.037
1573804611534,2019-11-15T15.56.51.534,24.417,11.159,3.293,-1.951
1573804611544,2019-11-15T15.56.51.544,24.427,9.939,4.268,-2.500
1573804611555,2019-11-15T15.56.51.555,24.438,9.024,4.817,-2.683
1573804611565,2019-11-15T15.56.51.565,24.448,8.110,5.061,-2.439
1573804611575,2019-11-15T15.56.51.575,24.458,7.195,4.939,-2.012
1573804611585,2019-11-15T15.56.51.585,24.468,6.463,4.878,-1.829
1573804611596,2019-11-15T15.56.51.596,24.479,5.488,5.122,-1.951
1573804611606,2019-11-15T15.56.51.606,24.489,4.085,5.854,-2.256
1573804611616,2019-11-15T15.56.51.616,24.499,2.439,6.402,-2.622
1573804611626,2019-11-15T15.56.51.626,24.509,0.976,6.585,-2.805
1573804611635,2019-11-15T15.56.51.635,24.518,-0.244,6.402,-2.927
1573804611646,2019-11-15T15.56.51.646,24.529,-0.854,5.793,-2.805
1573804611656,2019-11-15T15.56.51.656,24.539,-1.220,4.939,-2.744
1573804611666,2019-11-15T15.56.51.666,24.549,-1.220,4.268,-2.927
1573804611676,2019-11-15T15.56.51.676,24.559,-0.976,3.537,-3.049
1573804611687,2019-11-15T15.56.51.687,24.570,-0.610,2.683,-3.049
1573804611697,2019-11-15T15.56.51.697,24.580,-0.244,1.524,-3.049
1573804611707,2019-11-15T15.56.51.707,24.590,0.305,0.610,-3.171
1573804611717,2019-11-15T15.56.51.717,24.600,0.915,0.244,-3.354
1573804611728,2019-11-15T15.56.51.728,24.611,1.463,-0.122,-3.293
1573804611738,2019-11-15T15.56.51.738,24.621,2.195,-0.793,-2.805
1573804611748,2019-11-15T15.56.51.748,24.631,2.866,-1.463,-2.378
1573804611758,2019-11-15T15.56.51.758,24.641,3.415,-1.768,-2.073
1573804611767,2019-11-15T15.56.51.767,24.650,3.841,-2.012,-1.707
1573804611777,2019-11-15T15.56.51.777,24.660,4.085,-2.134,-1.463
1573804611788,2019-11-15T15.56.51.788,24.671,3.963,-1.890,-1.220
1573804611798,2019-11-15T15.56.51.798,24.681,3.720,-1.707,-0.915
1573804611808,2019-11-15T15.56.51.808,24.691,3.537,-1.890,-0.854
1573804611818,2019-11-15T15.56.51.818,24.701,3.110,-1.768,-0.854
1573804611829,2019-11-15T15.56.51.829,24.712,2.500,-1.524,-0.732
1573804611839,2019-11-15T15.56.51.839,24.722,1.890,-1.220,-0.610
1573804611849,2019-11-15T15.56.51.849,24.732,1.220,-0.732,-0.610
1573804611859,2019-11-15T15.56.51.859,24.742,0.671,-0.305,-0.549
1573804611870,2019-11-15T15.56.51.870,24.753,-0.122,0.427,-0.427
1573804611880,2019-11-15T15.56.51.880,24.763,-0.671,1.280,-0.427
1573804611890,2019-11-15T15.56.51.890,24.773,-1.220,2.256,-0.305
1573804611899,2019-11-15T15.56.51.899,24.782,-1.829,3.354,0.000
1573804611909,2019-11-15T15.56.51.909,24.792,-2.256,4.451,0.610
1573804611919,2019-11-15T15.56.51.919,24.802,-2.744,5.305,1.341
1573804611930,2019-11-15T15.56.51.930,24.813,-3.354,6.220,2.073
1573804611940,2019-11-15T15.56.51.940,24.823,-4.207,6.829,3.049
1573804611950,2019-11-15T15.56.51.950,24.833,-5.183,7.012,4.207
1573804611960,2019-11-15T15.56.51.960,24.843,-5.976,6.463,5.610
1573804611971,2019-11-15T15.56.51.971,24.854,-6.463,5.549,6.890
1573804611981,2019-11-15T15.56.51.981,24.864,-6.280,4.878,8.171
1573804611991,2019-11-15T15.56.51.991,24.874,-5.793,4.878,8.902
1573804612001,2019-11-15T15.56.52.001,24.884,-4.878,5.793,9.268
1573804612012,2019-11-15T15.56.52.012,24.895,-3.171,7.195,9.512
1573804612022,2019-11-15T15.56.52.022,24.905,-1.159,8.598,9.817
1573804612031,2019-11-15T15.56.52.031,24.914,1.098,9.939,10.488
1573804612041,2019-11-15T15.56.52.041,24.924,3.476,10.549,12.012
1573804612051,2019-11-15T15.56.52.051,24.934,6.037,10.549,14.207
1573804612062,2019-11-15T15.56.52.062,24.945,8.537,10.793,16.280
1573804612072,2019-11-15T15.56.52.072,24.955,10.549,11.646,18.110
1573804612082,2019-11-15T15.56.52.082,24.965,12.500,12.927,19.939
1573804612092,2019-11-15T15.56.52.092,24.975,13.780,14.451,21.829
1573804612103,2019-11-15T15.56.52.103,24.986,14.634,16.037,23.415
1573804612113,2019-11-15T15.56.52.113,24.996,15.122,17.927,24.634
1573804612123,2019-11-15T15.56.52.123,25.006,15.366,20.183,25.488
1573804612133,2019-11-15T15.56.52.133,25.016,15.793,22.378,26.341
1573804612144,2019-11-15T15.56.52.144,25.027,16.159,23.963,26.951
1573804612154,2019-11-15T15.56.52.154,25.037,16.585,25.122,27.195
1573804612163,2019-11-15T15.56.52.163,25.046,17.195,25.854,27.256
1573804612173,2019-11-15T15.56.52.173,25.056,17.927,26.280,26.951
1573804612183,2019-11-15T15.56.52.183,25.066,18.476,26.890,26.341
1573804612193,2019-11-15T15.56.52.193,25.076,19.329,27.439,25.610
1573804612204,2019-11-15T15.56.52.204,25.087,20.488,27.134,24.878
1573804612214,2019-11-15T15.56.52.214,25.097,22.195,25.671,24.146
1573804612224,2019-11-15T15.56.52.224,25.107,23.841,23.049,23.659
1573804612234,2019-11-15T15.56.52.234,25.117,25.122,19.695,22.805
1573804612245,2019-11-15T15.56.52.245,25.128,26.037,16.585,21.159
1573804612255,2019-11-15T15.56.52.255,25.138,26.646,13.720,18.537
1573804612265,2019-11-15T15.56.52.265,25.148,27.073,11.098,15.488
1573804612275,2019-11-15T15.56.52.275,25.158,27.378,8.841,12.378
1573804612286,2019-11-15T15.56.52.286,25.169,27.439,6.951,9.634
1573804612294,2019-11-15T15.56.52.294,25.177,26.951,5.061,7.317
1573804612305,2019-11-15T15.56.52.305,25.188,25.366,3.232,5.793
1573804612315,2019-11-15T15.56.52.315,25.198,22.073,1.463,5.000
1573804612325,2019-11-15T15.56.52.325,25.208,17.378,-0.244,4.451
1573804612335,2019-11-15T15.56.52.335,25.218,12.012,-1.707,4.512
1573804612346,2019-11-15T15.56.52.346,25.229,6.402,-2.683,4.939
1573804612356,2019-11-15T15.56.52.356,25.239,0.976,-3.354,5.671
1573804612366,2019-11-15T15.56.52.366,25.249,-3.720,-3.354,6.707
1573804612376,2019-11-15T15.56.52.376,25.259,-7.744,-2.744,8.171
1573804612387,2019-11-15T15.56.52.387,25.270,-10.915,-1.707,9.695
1573804612397,2019-11-15T15.56.52.397,25.280,-13.476,-0.732,11.098
1573804612407,2019-11-15T15.56.52.407,25.290,-15.244,0.488,12.195
1573804612417,2019-11-15T15.56.52.417,25.300,-16.159,1.829,12.988
1573804612426,2019-11-15T15.56.52.426,25.309,-16.037,3.232,13.720
1573804612437,2019-11-15T15.56.52.437,25.320,-15.061,4.512,14.451
1573804612447,2019-11-15T15.56.52.447,25.330,-13.354,6.159,14.878
1573804612457,2019-11-15T15.56.52.457,25.340,-11.585,8.415,14.634
1573804612467,2019-11-15T15.56.52.467,25.350,-9.695,10.305,14.329
1573804612478,2019-11-15T15.56.52.478,25.361,-7.988,11.768,14.024
1573804612488,2019-11-15T15.56.52.488,25.371,-6.524,12.683,13.720
1573804612498,2019-11-15T15.56.52.498,25.381,-5.305,13.537,13.354
1573804612508,2019-11-15T15.56.52.508,25.391,-4.695,15.244,13.537
1573804612519,2019-11-15T15.56.52.519,25.402,-4.390,17.500,14.878
1573804612529,2019-11-15T15.56.52.529,25.412,-4.451,20.000,17.622
1573804612539,2019-11-15T15.56.52.539,25.422,-4.451,23.171,20.915
1573804612548,2019-11-15T15.56.52.548,25.431,-3.659,27.256,23.780
1573804612558,2019-11-15T15.56.52.558,25.441,-1.890,30.061,26.707
1573804612568,2019-11-15T15.56.52.568,25.451,0.488,31.524,29.634
1573804612579,2019-11-15T15.56.52.579,25.462,2.866,33.659,31.159
1573804612589,2019-11-15T15.56.52.589,25.472,4.573,37.256,32.073
1573804612599,2019-11-15T15.56.52.599,25.482,5.427,40.610,33.415
1573804612609,2019-11-15T15.56.52.609,25.492,6.037,42.988,34.817
1573804612620,2019-11-15T15.56.52.620,25.503,6.341,44.390,35.671
1573804612630,2019-11-15T15.56.52.630,25.513,6.098,44.268,35.976
1573804612640,2019-11-15T15.56.52.640,25.523,5.732,42.561,35.793
1573804612650,2019-11-15T15.56.52.650,25.533,5.244,38.963,34.817
1573804612661,2019-11-15T15.56.52.661,25.544,4.817,34.085,32.561
1573804612671,2019-11-15T15.56.52.671,25.554,4.207,29.756,28.659
1573804612680,2019-11-15T15.56.52.680,25.563,3.537,26.585,23.902
1573804612690,2019-11-15T15.56.52.690,25.573,3.110,23.659,18.780
1573804612700,2019-11-15T15.56.52.700,25.583,3.415,20.549,14.085
1573804612710,2019-11-15T15.56.52.710,25.593,3.902,16.951,10.183
1573804612721,2019-11-15T15.56.52.721,25.604,4.756,12.805,6.220
1573804612731,2019-11-15T15.56.52.731,25.614,6.402,9.329,2.195
1573804612741,2019-11-15T15.56.52.741,25.624,8.354,7.134,-2.134
1573804612751,2019-11-15T15.56.52.751,25.634,10.305,5.854,-6.768
1573804612762,2019-11-15T15.56.52.762,25.645,12.256,6.159,-11.951
1573804612772,2019-11-15T15.56.52.772,25.655,14.817,8.049,-16.951
1573804612782,2019-11-15T15.56.52.782,25.665,17.500,10.732,-20.732
1573804612792,2019-11-15T15.56.52.792,25.675,20.549,12.500,-23.537
1573804612803,2019-11-15T15.56.52.803,25.686,23.780,13.354,-24.939
1573804612813,2019-11-15T15.56.52.813,25.696,26.707,13.171,-25.366
1573804612822,2019-11-15T15.56.52.822,25.705,29.024,12.012,-25.366
1573804612832,2019-11-15T15.56.52.832,25.715,30.366,11.220,-25.122
1573804612842,2019-11-15T15.56.52.842,25.725,30.976,11.098,-24.695
1573804612853,2019-11-15T15.56.52.853,25.736,31.159,10.671,-24.146
1573804612863,2019-11-15T15.56.52.863,25.746,30.610,10.732,-23.780
1573804612873,2019-11-15T15.56.52.873,25.756,29.268,11.951,-23.963
1573804612883,2019-11-15T15.56.52.883,25.766,27.317,13.354,-23.963
1573804612894,2019-11-15T15.56.52.894,25.777,24.512,13.841,-23.232
1573804612904,2019-11-15T15.56.52.904,25.787,21.524,12.744,-21.463
1573804612914,2019-11-15T15.56.52.914,25.797,17.927,10.549,-19.695
1573804612924,2019-11-15T15.56.52.924,25.807,13.963,8.902,-18.354
1573804612935,2019-11-15T15.56.52.935,25.818,9.695,8.232,-16.768
1573804612943,2019-11-15T15.56.52.943,25.826,5.854,7.805,-14.817
1573804612954,2019-11-15T15.56.52.954,25.837,2.195,7.805,-12.683
1573804612964,2019-11-15T15.56.52.964,25.847,-1.341,8.232,-10.610
1573804612974,2019-11-15T15.56.52.974,25.857,-4.756,9.390,-9.695
1573804612984,2019-11-15T15.56.52.984,25.867,-8.049,12.500,-9.939
1573804612995,2019-11-15T15.56.52.995,25.878,-11.829,17.561,-10.915
1573804613005,2019-11-15T15.56.53.005,25.888,-16.524,24.146,-12.683
1573804613015,2019-11-15T15.56.53.015,25.898,-22.256,32.073,-14.878
1573804613025,2019-11-15T15.56.53.025,25.908,-28.232,39.085,-16.037
1573804613036,2019-11-15T15.56.53.036,25.919,-33.354,43.720,-15.366
1573804613046,2019-11-15T15.56.53.046,25.929,-37.866,44.817,-12.805
1573804613056,2019-11-15T15.56.53.056,25.939,-41.829,43.902,-9.939
1573804613066,2019-11-15T15.56.53.066,25.949,-46.707,44.390,-9.390
1573804613075,2019-11-15T15.56.53.075,25.958,-52.683,45.732,-10.671
1573804613085,2019-11-15T15.56.53.085,25.968,-59.207,44.024,-11.098
1573804613096,2019-11-15T15.56.53.096,25.979,-65.122,38.780,-10.427
1573804613106,2019-11-15T15.56.53.106,25.989,-70.122,33.476,-9.634
1573804613116,2019-11-15T15.56.53.116,25.999,-73.841,29.390,-8.841
1573804613126,2019-11-15T15.56.53.126,26.009,-75.488,25.488,-7.012
1573804613137,2019-11-15T15.56.53.137,26.020,-73.841,20.610,-4.573
1573804613147,2019-11-15T15.56.53.147,26.030,-69.817,16.159,-2.622
1573804613157,2019-11-15T15.56.53.157,26.040,-64.085,12.500,-1.951
1573804613167,2019-11-15T15.56.53.167,26.050,-57.134,9.695,-2.317
1573804613178,2019-11-15T15.56.53.178,26.061,-50.061,8.110,-3.537
1573804613188,2019-11-15T15.56.53.188,26.071,-43.232,5.793,-4.268
1573804613198,2019-11-15T15.56.53.198,26.081,-36.159,1.280,-3.841
1573804613207,2019-11-15T15.56.53.207,26.090,-27.073,0.915,-3.110
1573804613217,2019-11-15T15.56.53.217,26.100,-18.841,-0.793,-2.866
1573804613228,2019-11-15T15.56.53.228,26.111,-10.610,-2.317,-3.537
1573804613238,2019-11-15T15.56.53.238,26.121,-2.256,-3.598,-5.061
1573804613248,2019-11-15T15.56.53.248,26.131,5.427,-4.390,-7.866
1573804613258,2019-11-15T15.56.53.258,26.141,11.768,-5.244,-10.915
1573804613269,2019-11-15T15.56.53.269,26.152,16.159,-8.293,-12.561
1573804613279,2019-11-15T15.56.53.279,26.162,18.110,-13.780,-12.134
1573804613289,2019-11-15T15.56.53.289,26.172,17.744,-19.146,-11.159
1573804613299,2019-11-15T15.56.53.299,26.182,16.159,-22.317,-10.427
1573804613310,2019-11-15T15.56.53.310,26.193,14.817,-22.683,-9.329
1573804613320,2019-11-15T15.56.53.320,26.203,13.841,-21.646,-6.951
1573804613330,2019-11-15T15.56.53.330,26.213,13.476,-20.061,-3.598
1573804613339,2019-11-15T15.56.53.339,26.222,14.390,-16.707,-0.915
1573804613349,2019-11-15T15.56.53.349,26.232,13.780,-17.134,-0.183
1573804613359,2019-11-15T15.56.53.359,26.242,15.000,-16.585,-1.768
1573804613370,2019-11-15T15.56.53.370,26.253,18.537,-12.134,-5.732
1573804613380,2019-11-15T15.56.53.380,26.263,22.378,-7.805,-9.085
1573804613390,2019-11-15T15.56.53.390,26.273,25.427,-5.488,-10.244
1573804613400,2019-11-15T15.56.53.400,26.283,26.463,-5.488,-9.634
1573804613411,2019-11-15T15.56.53.411,26.294,24.817,-6.341,-8.049
1573804613421,2019-11-15T15.56.53.421,26.304,21.341,-6.890,-6.280
1573804613431,2019-11-15T15.56.53.431,26.314,16.463,-6.037,-4.512
1573804613441,2019-11-15T15.56.53.441,26.324,10.244,-5.427,-2.195
1573804613452,2019-11-15T15.56.53.452,26.335,2.866,-6.037,0.976
1573804613462,2019-11-15T15.56.53.462,26.345,-5.000,-7.744,4.329
1573804613472,2019-11-15T15.56.53.472,26.355,-12.195,-9.451,7.012
1573804613481,2019-11-15T15.56.53.481,26.364,-18.110,-10.427,8.780
1573804613491,2019-11-15T15.56.53.491,26.374,-19.939,-12.012,9.695
1573804613501,2019-11-15T15.56.53.501,26.384,-22.256,-12.988,9.146
1573804613512,2019-11-15T15.56.53.512,26.395,-24.939,-11.280,8.110
1573804613522,2019-11-15T15.56.53.522,26.405,-26.524,-9.817,1.829
1573804613532,2019-11-15T15.56.53.532,26.415,-24.573,-12.439,-1.768
1573804613542,2019-11-15T15.56.53.542,26.425,-15.854,-14.024,-4.268
1573804613553,2019-11-15T15.56.53.553,26.436,-8.598,-13.659,-8.415
1573804613563,2019-11-15T15.56.53.563,26.446,-4.268,-12.744,-11.524
1573804613573,2019-11-15T15.56.53.573,26.456,-2.012,-10.793,-12.378
1573804613583,2019-11-15T15.56.53.583,26.466,-1.463,-9.939,-11.220
1573804613594,2019-11-15T15.56.53.594,26.477,-0.793,-10.366,-9.695
1573804613603,2019-11-15T15.56.53.603,26.486,0.549,-11.402,-8.415
1573804613613,2019-11-15T15.56.53.613,26.496,2.805,-11.829,-7.805
1573804613623,2019-11-15T15.56.53.623,26.506,6.037,-11.707,-7.500
1573804613633,2019-11-15T15.56.53.633,26.516,10.366,-12.622,-6.280
1573804613644,2019-11-15T15.56.53.644,26.527,14.512,-14.878,-3.902
1573804613654,2019-11-15T15.56.53.654,26.537,17.683,-17.622,-1.280
1573804613664,2019-11-15T15.56.53.664,26.547,19.817,-19.756,1.463
1573804613674,2019-11-15T15.56.53.674,26.557,20.854,-20.122,3.476
1573804613685,2019-11-15T15.56.53.685,26.568,21.220,-17.012,3.659
1573804613695,2019-11-15T15.56.53.695,26.578,18.780,-16.768,2.561
1573804613705,2019-11-15T15.56.53.705,26.588,17.866,-15.061,1.220
1573804613715,2019-11-15T15.56.53.715,26.598,18.780,-11.280,-0.732
1573804613726,2019-11-15T15.56.53.726,26.609,19.085,-8.902,-2.073
1573804613734,2019-11-15T15.56.53.734,26.617,18.598,-9.329,-2.134
1573804613745,2019-11-15T15.56.53.745,26.628,16.890,-10.915,-2.256
1573804613755,2019-11-15T15.56.53.755,26.638,14.207,-12.134,-2.805
1573804613765,2019-11-15T15.56.53.765,26.648,10.854,-12.073,-3.841
1573804613775,2019-11-15T15.56.53.775,26.658,6.829,-11.585,-4.756
1573804613786,2019-11-15T15.56.53.786,26.669,1.707,-11.768,-4.329
1573804613796,2019-11-15T15.56.53.796,26.679,-4.207,-11.890,-3.902
1573804613806,2019-11-15T15.56.53.806,26.689,-10.000,-11.646,-3.354
1573804613816,2019-11-15T15.56.53.816,26.699,-15.732,-11.037,-2.500
1573804613827,2019-11-15T15.56.53.827,26.710,-20.610,-9.451,-1.707
1573804613837,2019-11-15T15.56.53.837,26.720,-23.232,-7.866,-0.488
1573804613847,2019-11-15T15.56.53.847,26.730,-24.085,-7.561,1.402
1573804613857,2019-11-15T15.56.53.857,26.740,-23.902,-8.902,3.476
1573804613866,2019-11-15T15.56.53.866,26.749,-21.951,-9.756,4.634
1573804613876,2019-11-15T15.56.53.876,26.759,-18.659,-7.195,2.317
1573804613887,2019-11-15T15.56.53.887,26.770,-16.098,-6.341,1.220
1573804613897,2019-11-15T15.56.53.897,26.780,-11.768,-7.317,0.244
1573804613907,2019-11-15T15.56.53.907,26.790,-5.610,-8.110,-3.354
1573804613917,2019-11-15T15.56.53.917,26.800,1.037,-7.927,-7.134
1573804613928,2019-11-15T15.56.53.928,26.811,8.537,-4.634,-11.585
1573804613938,2019-11-15T15.56.53.938,26.821,15.549,0.610,-13.659
1573804613948,2019-11-15T15.56.53.948,26.831,20.366,3.049,-11.829
1573804613958,2019-11-15T15.56.53.958,26.841,24.695,3.841,-11.220
1573804613969,2019-11-15T15.56.53.969,26.852,28.232,5.183,-12.134
1573804613979,2019-11-15T15.56.53.979,26.862,27.866,5.976,-10.976
1573804613989,2019-11-15T15.56.53.989,26.872,25.244,4.878,-9.756
1573804613998,2019-11-15T15.56.53.998,26.881,22.988,3.902,-9.756
1573804614008,2019-11-15T15.56.54.008,26.891,21.159,2.378,-8.780
1573804614019,2019-11-15T15.56.54.019,26.902,20.427,-0.305,-7.134
1573804614029,2019-11-15T15.56.54.029,26.912,19.939,-3.354,-4.634
1573804614039,2019-11-15T15.56.54.039,26.922,19.207,-6.707,-0.915
1573804614049,2019-11-15T15.56.54.049,26.932,18.415,-9.512,2.927
1573804614060,2019-11-15T15.56.54.060,26.943,17.744,-9.085,5.671
1573804614070,2019-11-15T15.56.54.070,26.953,15.244,-10.610,7.012
1573804614080,2019-11-15T15.56.54.080,26.963,14.268,-9.390,5.915
1573804614090,2019-11-15T15.56.54.090,26.973,15.427,-2.866,1.585
1573804614101,2019-11-15T15.56.54.101,26.984,16.829,4.390,-2.683
1573804614111,2019-11-15T15.56.54.111,26.994,17.622,9.207,-4.390
1573804614121,2019-11-15T15.56.54.121,27.004,17.195,10.732,-3.476
1573804614130,2019-11-15T15.56.54.130,27.013,15.610,10.488,-2.256
1573804614140,2019-11-15T15.56.54.140,27.023,13.110,10.183,-0.976
1573804614150,2019-11-15T15.56.54.150,27.033,10.183,10.976,-0.244
1573804614161,2019-11-15T15.56.54.161,27.044,5.671,11.768,0.732
1573804614171,2019-11-15T15.56.54.171,27.054,-0.366,11.524,2.378
1573804614181,2019-11-15T15.56.54.181,27.064,-6.951,10.427,3.720
1573804614191,2019-11-15T15.56.54.191,27.074,-13.720,8.476,4.634
1573804614202,2019-11-15T15.56.54.202,27.085,-18.659,5.915,5.183
1573804614212,2019-11-15T15.56.54.212,27.095,-21.402,2.988,5.488
1573804614222,2019-11-15T15.56.54.222,27.105,-22.927,0.061,6.707
1573804614232,2019-11-15T15.56.54.232,27.115,-24.085,-1.890,8.110
1573804614243,2019-11-15T15.56.54.243,27.126,-24.024,-1.524,6.220
1573804614253,2019-11-15T15.56.54.253,27.136,-22.744,-2.439,4.939
1573804614262,2019-11-15T15.56.54.262,27.145,-18.841,0.122,4.451
1573804614272,2019-11-15T15.56.54.272,27.155,-17.927,-1.402,4.939
1573804614282,2019-11-15T15.56.54.282,27.165,-19.573,-5.732,6.829
1573804614292,2019-11-15T15.56.54.292,27.175,-18.537,-7.500,6.463
1573804614303,2019-11-15T15.56.54.303,27.186,-15.061,-5.793,4.939
1573804614313,2019-11-15T15.56.54.313,27.196,-11.463,-3.049,6.768
1573804614323,2019-11-15T15.56.54.323,27.206,-6.707,-0.366,6.463
1573804614333,2019-11-15T15.56.54.333,27.216,0.488,1.402,4.695
1573804614344,2019-11-15T15.56.54.344,27.227,9.268,0.366,3.902
1573804614354,2019-11-15T15.56.54.354,27.237,16.951,-2.866,3.293
1573804614364,2019-11-15T15.56.54.364,27.247,22.561,-6.037,1.402
1573804614375,2019-11-15T15.56.54.375,27.258,25.915,-9.207,-1.829
1573804614385,2019-11-15T15.56.54.385,27.268,26.159,-12.500,-4.817
1573804614394,2019-11-15T15.56.54.394,27.277,24.451,-14.878,-7.256
1573804614404,2019-11-15T15.56.54.404,27.287,21.951,-16.646,-8.537
1573804614414,2019-11-15T15.56.54.414,27.297,19.878,-17.988,-8.476
1573804614424,2019-11-15T15.56.54.424,27.307,17.988,-17.622,-7.439
1573804614435,2019-11-15T15.56.54.435,27.318,16.768,-13.963,-6.280
1573804614445,2019-11-15T15.56.54.445,27.328,14.329,-12.134,-4.878
1573804614455,2019-11-15T15.56.54.455,27.338,14.146,-9.634,-3.780
1573804614465,2019-11-15T15.56.54.465,27.348,16.463,-5.488,-3.354
1573804614476,2019-11-15T15.56.54.476,27.359,18.476,-1.220,-2.500
1573804614486,2019-11-15T15.56.54.486,27.369,19.329,2.134,-0.366
1573804614496,2019-11-15T15.56.54.496,27.379,19.756,4.573,1.646
1573804614506,2019-11-15T15.56.54.506,27.389,18.476,6.829,2.683
1573804614517,2019-11-15T15.56.54.517,27.400,15.793,9.390,3.780
1573804614525,2019-11-15T15.56.54.525,27.408,12.927,12.866,3.537
1573804614536,2019-11-15T15.56.54.536,27.419,7.866,15.549,3.841
1573804614546,2019-11-15T15.56.54.546,27.429,0.549,16.037,5.244
1573804614556,2019-11-15T15.56.54.556,27.439,-7.683,14.146,6.768
1573804614566,2019-11-15T15.56.54.566,27.449,-14.573,10.671,8.171
1573804614577,2019-11-15T15.56.54.577,27.460,-17.134,7.500,8.171
1573804614587,2019-11-15T15.56.54.587,27.470,-15.732,6.402,6.341
1573804614597,2019-11-15T15.56.54.597,27.480,-14.695,7.561,5.854
1573804614607,2019-11-15T15.56.54.607,27.490,-12.866,12.744,4.024
1573804614618,2019-11-15T15.56.54.618,27.501,-11.098,14.451,3.232
1573804614628,2019-11-15T15.56.54.628,27.511,-5.427,11.829,5.366
1573804614638,2019-11-15T15.56.54.638,27.521,-2.378,6.402,6.524
1573804614648,2019-11-15T15.56.54.648,27.531,-4.451,3.171,6.951
1573804614657,2019-11-15T15.56.54.657,27.540,-6.280,3.963,5.122
1573804614667,2019-11-15T15.56.54.667,27.550,-9.573,7.561,7.561
1573804614678,2019-11-15T15.56.54.678,27.561,-10.244,9.024,9.634
1573804614688,2019-11-15T15.56.54.688,27.571,-9.268,8.354,9.695
1573804614698,2019-11-15T15.56.54.698,27.581,-6.098,5.671,10.366
1573804614708,2019-11-15T15.56.54.708,27.591,-0.183,4.024,9.878
1573804614719,2019-11-15T15.56.54.719,27.602,5.549,2.805,10.671
1573804614729,2019-11-15T15.56.54.729,27.612,10.244,0.427,11.463
1573804614739,2019-11-15T15.56.54.739,27.622,14.085,0.366,9.939
1573804614750,2019-11-15T15.56.54.750,27.633,16.890,3.780,5.915
1573804614760,2019-11-15T15.56.54.760,27.643,18.902,10.610,0.000
1573804614770,2019-11-15T15.56.54.770,27.653,18.293,13.659,-5.793
1573804614780,2019-11-15T15.56.54.780,27.663,19.756,16.402,-10.854
1573804614789,2019-11-15T15.56.54.789,27.672,22.622,19.695,-14.817
1573804614799,2019-11-15T15.56.54.799,27.682,25.610,21.707,-15.793
1573804614810,2019-11-15T15.56.54.810,27.693,28.293,22.561,-14.390
1573804614820,2019-11-15T15.56.54.820,27.703,30.793,21.646,-11.037
1573804614830,2019-11-15T15.56.54.830,27.713,32.378,19.390,-6.829
1573804614840,2019-11-15T15.56.54.840,27.723,32.378,16.098,-2.622
1573804614851,2019-11-15T15.56.54.851,27.734,28.841,12.195,0.976
1573804614861,2019-11-15T15.56.54.861,27.744,19.573,8.902,3.537
1573804614871,2019-11-15T15.56.54.871,27.754,6.707,6.890,4.390
1573804614881,2019-11-15T15.56.54.881,27.764,-5.793,4.451,3.902
1573804614892,2019-11-15T15.56.54.892,27.775,-15.061,0.305,2.805
1573804614902,2019-11-15T15.56.54.902,27.785,-19.878,-4.329,1.098
1573804614912,2019-11-15T15.56.54.912,27.795,-18.963,-8.171,-2.622
1573804614921,2019-11-15T15.56.54.921,27.804,-14.207,-11.707,-7.927
1573804614931,2019-11-15T15.56.54.931,27.814,-9.939,-16.463,-12.927
1573804614941,2019-11-15T15.56.54.941,27.824,-4.695,-20.305,-19.329
1573804614952,2019-11-15T15.56.54.952,27.835,0.854,-22.012,-29.939
1573804614962,2019-11-15T15.56.54.962,27.845,6.463,-24.512,-37.500
1573804614972,2019-11-15T15.56.54.972,27.855,7.988,-36.585,-40.488
1573804614982,2019-11-15T15.56.54.982,27.865,6.341,-59.695,-40.366
1573804614993,2019-11-15T15.56.54.993,27.876,6.341,-87.744,-40.976
1573804615003,2019-11-15T15.56.55.003,27.886,6.646,-112.012,-47.927
1573804615013,2019-11-15T15.56.55.013,27.896,8.049,-121.585,-64.756
1573804615023,2019-11-15T15.56.55.023,27.906,11.524,-113.537,-86.098
1573804615034,2019-11-15T15.56.55.034,27.917,17.561,-101.707,-100.427
1573804615042,2019-11-15T15.56.55.042,27.925,24.939,-102.622,-98.415
1573804615053,2019-11-15T15.56.55.053,27.936,27.073,-120.000,-81.707
1573804615063,2019-11-15T15.56.55.063,27.946,21.220,-145.183,-58.110
1573804615073,2019-11-15T15.56.55.073,27.956,9.817,-167.561,-37.744
1573804615083,2019-11-15T15.56.55.083,27.966,-3.963,-184.695,-26.707
1573804615094,2019-11-15T15.56.55.094,27.977,-14.817,-195.122,-25.793
1573804615104,2019-11-15T15.56.55.104,27.987,-20.305,-198.110,-31.159
1573804615114,2019-11-15T15.56.55.114,27.997,-21.707,-200.427,-37.012
1573804615125,2019-11-15T15.56.55.125,28.008,-16.768,-194.695,-37.866
1573804615135,2019-11-15T15.56.55.135,28.018,-9.329,-187.134,-35.854
1573804615145,2019-11-15T15.56.55.145,28.028,0.671,-181.829,-33.476
1573804615155,2019-11-15T15.56.55.155,28.038,14.695,-177.683,-32.073
1573804615166,2019-11-15T15.56.55.166,28.049,30.061,-174.207,-31.646
1573804615174,2019-11-15T15.56.55.174,28.057,43.171,-167.866,-31.524
1573804615185,2019-11-15T15.56.55.185,28.068,50.244,-154.390,-31.646
1573804615195,2019-11-15T15.56.55.195,28.078,48.232,-137.256,-26.951
1573804615205,2019-11-15T15.56.55.205,28.088,35.915,-123.780,-15.671
1573804615215,2019-11-15T15.56.55.215,28.098,11.890,-111.646,-3.354
1573804615226,2019-11-15T15.56.55.226,28.109,-21.829,-95.061,2.561
1573804615236,2019-11-15T15.56.55.236,28.119,-54.329,-68.232,1.646
1573804615246,2019-11-15T15.56.55.246,28.129,-70.976,-29.512,3.232
1573804615256,2019-11-15T15.56.55.256,28.139,-66.707,10.427,14.634
1573804615267,2019-11-15T15.56.55.267,28.150,-44.939,47.988,39.695
1573804615277,2019-11-15T15.56.55.277,28.160,-15.610,81.159,78.415
1573804615287,2019-11-15T15.56.55.287,28.170,-4.878,100.793,124.146
1573804615297,2019-11-15T15.56.55.297,28.180,1.159,100.366,143.963
1573804615306,2019-11-15T15.56.55.306,28.189,12.744,116.646,124.085
1573804615316,2019-11-15T15.56.55.316,28.199,30.976,141.402,94.634
1573804615327,2019-11-15T15.56.55.327,28.210,53.110,161.463,73.720
1573804615337,2019-11-15T15.56.55.337,28.220,68.963,182.012,60.305
1573804615347,2019-11-15T15.56.55.347,28.230,75.366,205.610,48.780
1573804615357,2019-11-15T15.56.55.357,28.240,66.707,226.402,41.402
1573804615368,2019-11-15T15.56.55.368,28.251,49.085,233.841,40.244
1573804615378,2019-11-15T15.56.55.378,28.261,31.280,228.780,40.549
1573804615388,2019-11-15T15.56.55.388,28.271,16.707,212.927,42.927
1573804615398,2019-11-15T15.56.55.398,28.281,9.024,187.561,45.854
1573804615409,2019-11-15T15.56.55.409,28.292,8.963,162.195,41.585
1573804615419,2019-11-15T15.56.55.419,28.302,10.366,142.805,16.524
1573804615429,2019-11-15T15.56.55.429,28.312,14.512,135.366,15.854
1573804615438,2019-11-15T15.56.55.438,28.321,18.293,139.390,42.134
1573804615448,2019-11-15T15.56.55.448,28.331,17.378,154.878,38.049
1573804615458,2019-11-15T15.56.55.458,28.341,15.183,175.549,33.354
1573804615469,2019-11-15T15.56.55.469,28.352,11.402,193.232,34.939
1573804615479,2019-11-15T15.56.55.479,28.362,7.866,203.171,36.768
1573804615489,2019-11-15T15.56.55.489,28.372,5.793,198.902,47.988
1573804615500,2019-11-15T15.56.55.500,28.383,5.915,191.951,61.037
1573804615510,2019-11-15T15.56.55.510,28.393,9.512,194.939,55.610
1573804615520,2019-11-15T15.56.55.520,28.403,14.573,191.463,46.098
1573804615530,2019-11-15T15.56.55.530,28.413,26.402,180.244,45.305
1573804615541,2019-11-15T15.56.55.541,28.424,46.159,158.720,45.305
1573804615551,2019-11-15T15.56.55.551,28.434,76.890,130.732,39.390
1573804615561,2019-11-15T15.56.55.561,28.444,107.744,98.902,27.195
1573804615570,2019-11-15T15.56.55.570,28.453,123.171,71.524,12.012
1573804615580,2019-11-15T15.56.55.580,28.463,110.732,62.073,-13.841
1573804615590,2019-11-15T15.56.55.590,28.473,70.427,67.073,-38.476
1573804615601,2019-11-15T15.56.55.601,28.484,18.293,71.646,-43.841
1573804615611,2019-11-15T15.56.55.611,28.494,-11.280,49.085,-27.500
1573804615621,2019-11-15T15.56.55.621,28.504,-1.037,-3.659,-5.366
1573804615631,2019-11-15T15.56.55.631,28.514,-12.195,-59.634,-5.305
1573804615642,2019-11-15T15.56.55.642,28.525,21.524,-87.378,-30.671
1573804615652,2019-11-15T15.56.55.652,28.535,46.646,-84.085,-57.622
1573804615662,2019-11-15T15.56.55.662,28.545,42.744,-82.012,-67.256
1573804615672,2019-11-15T15.56.55.672,28.555,36.220,-74.085,-71.463
1573804615683,2019-11-15T15.56.55.683,28.566,33.293,-56.890,-65.244
1573804615693,2019-11-15T15.56.55.693,28.576,32.622,-48.171,-54.695
1573804615702,2019-11-15T15.56.55.702,28.585,28.780,-50.305,-50.122
1573804615712,2019-11-15T15.56.55.712,28.595,26.707,-59.024,-50.366
1573804615722,2019-11-15T15.56.55.722,28.605,30.549,-70.610,-50.610
1573804615732,2019-11-15T15.56.55.732,28.615,35.000,-79.207,-49.512
1573804615743,2019-11-15T15.56.55.743,28.626,36.890,-83.780,-45.793
1573804615753,2019-11-15T15.56.55.753,28.636,39.268,-87.866,-39.390
1573804615763,2019-11-15T15.56.55.763,28.646,40.244,-92.683,-32.256
1573804615773,2019-11-15T15.56.55.773,28.656,36.463,-96.646,-25.000
1573804615784,2019-11-15T15.56.55.784,28.667,30.244,-100.366,-18.110
1573804615794,2019-11-15T15.56.55.794,28.677,22.439,-104.512,-12.134
1573804615804,2019-11-15T15.56.55.804,28.687,18.841,-103.720,-7.195
1573804615814,2019-11-15T15.56.55.814,28.697,17.988,-101.098,-2.622
1573804615825,2019-11-15T15.56.55.825,28.708,14.634,-98.659,1.220
1573804615833,2019-11-15T15.56.55.833,28.716,8.110,-94.085,3.171
1573804615844,2019-11-15T15.56.55.844,28.727,1.524,-88.232,5.122
1573804615854,2019-11-15T15.56.55.854,28.737,-3.841,-83.415,8.110
1573804615864,2019-11-15T15.56.55.864,28.747,-9.268,-79.207,11.768
1573804615875,2019-11-15T15.56.55.875,28.758,-15.183,-74.329,15.061
1573804615885,2019-11-15T15.56.55.885,28.768,-20.732,-67.805,17.866
1573804615895,2019-11-15T15.56.55.895,28.778,-25.610,-59.939,20.915
1573804615905,2019-11-15T15.56.55.905,28.788,-30.244,-52.195,24.634
1573804615916,2019-11-15T15.56.55.916,28.799,-34.634,-45.061,28.232
1573804615926,2019-11-15T15.56.55.926,28.809,-38.598,-38.841,31.585
1573804615936,2019-11-15T15.56.55.936,28.819,-41.463,-33.171,33.963
1573804615946,2019-11-15T15.56.55.946,28.829,-43.780,-28.232,34.146
1573804615957,2019-11-15T15.56.55.957,28.840,-45.122,-22.866,32.134
1573804615965,2019-11-15T15.56.55.965,28.848,-45.244,-18.232,28.598
1573804615976,2019-11-15T15.56.55.976,28.859,-44.756,-16.280,23.659
1573804615986,2019-11-15T15.56.55.986,28.869,-43.841,-15.976,18.902
1573804615996,2019-11-15T15.56.55.996,28.879,-41.220,-16.463,14.817
1573804616006,2019-11-15T15.56.56.006,28.889,-37.927,-17.317,11.707
1573804616017,2019-11-15T15.56.56.017,28.900,-34.634,-17.134,10.366
1573804616027,2019-11-15T15.56.56.027,28.910,-31.463,-16.829,10.732
1573804616037,2019-11-15T15.56.56.037,28.920,-26.585,-16.890,11.585
1573804616047,2019-11-15T15.56.56.047,28.930,-20.488,-16.463,12.195
1573804616058,2019-11-15T15.56.56.058,28.941,-15.854,-15.976,12.500
1573804616068,2019-11-15T15.56.56.068,28.951,-11.280,-15.854,12.195
1573804616078,2019-11-15T15.56.56.078,28.961,-6.220,-14.573,10.610
1573804616088,2019-11-15T15.56.56.088,28.971,-0.549,-11.037,8.354
1573804616097,2019-11-15T15.56.56.097,28.980,6.463,-7.561,7.012
1573804616107,2019-11-15T15.56.56.107,28.990,14.695,-5.488,6.646
1573804616118,2019-11-15T15.56.56.118,29.001,22.622,-4.024,6.951
1573804616128,2019-11-15T15.56.56.128,29.011,28.963,-4.329,7.378
1573804616138,2019-11-15T15.56.56.138,29.021,32.988,-7.805,6.829
1573804616148,2019-11-15T15.56.56.148,29.031,33.963,-11.890,5.061
1573804616159,2019-11-15T15.56.56.159,29.042,31.646,-14.390,2.317
1573804616169,2019-11-15T15.56.56.169,29.052,26.463,-14.695,-1.098
1573804616179,2019-11-15T15.56.56.179,29.062,20.488,-13.232,-4.146
1573804616189,2019-11-15T15.56.56.189,29.072,15.183,-11.159,-6.037
1573804616200,2019-11-15T15.56.56.200,29.083,11.220,-10.305,-6.280
1573804616210,2019-11-15T15.56.56.210,29.093,8.780,-10.488,-5.061
1573804616220,2019-11-15T15.56.56.220,29.103,7.500,-10.793,-3.171
1573804616229,2019-11-15T15.56.56.229,29.112,7.683,-10.915,-1.341
1573804616239,2019-11-15T15.56.56.239,29.122,8.841,-9.512,-0.610
1573804616250,2019-11-15T15.56.56.250,29.133,10.183,-5.915,-1.585
1573804616260,2019-11-15T15.56.56.260,29.143,11.280,-1.220,-3.780
1573804616270,2019-11-15T15.56.56.270,29.153,11.402,2.805,-5.427
1573804616280,2019-11-15T15.56.56.280,29.163,10.976,4.817,-5.793
1573804616291,2019-11-15T15.56.56.291,29.174,11.463,5.549,-5.915
1573804616301,2019-11-15T15.56.56.301,29.184,12.683,6.585,-6.707
1573804616311,2019-11-15T15.56.56.311,29.194,14.207,7.744,-7.927
1573804616321,2019-11-15T15.56.56.321,29.204,15.488,8.537,-8.720
1573804616332,2019-11-15T15.56.56.332,29.215,16.402,8.232,-9.024
1573804616342,2019-11-15T15.56.56.342,29.225,16.402,7.256,-9.451
1573804616351,2019-11-15T15.56.56.351,29.234,15.671,7.256,-10.000
1573804616361,2019-11-15T15.56.56.361,29.244,13.963,8.476,-10.854
1573804616371,2019-11-15T15.56.56.371,29.254,11.890,9.878,-11.768
1573804616381,2019-11-15T15.56.56.381,29.264,8.902,10.976,-12.683
1573804616392,2019-11-15T15.56.56.392,29.275,4.817,11.768,-13.720
1573804616402,2019-11-15T15.56.56.402,29.285,1.463,12.988,-15.366
1573804616412,2019-11-15T15.56.56.412,29.295,-0.793,15.305,-16.951
1573804616422,2019-11-15T15.56.56.422,29.305,-1.341,16.463,-17.866
1573804616433,2019-11-15T15.56.56.433,29.316,-0.488,15.915,-17.927
1573804616443,2019-11-15T15.56.56.443,29.326,0.488,14.756,-17.927
1573804616453,2019-11-15T15.56.56.453,29.336,1.159,13.841,-18.171
1573804616463,2019-11-15T15.56.56.463,29.346,0.610,13.780,-18.659
1573804616474,2019-11-15T15.56.56.474,29.357,-1.341,14.085,-19.756
1573804616482,2019-11-15T15.56.56.482,29.365,-4.024,13.902,-21.037
1573804616493,2019-11-15T15.56.56.493,29.376,-7.317,12.500,-22.012
1573804616503,2019-11-15T15.56.56.503,29.386,-10.549,8.902,-22.988
1573804616513,2019-11-15T15.56.56.513,29.396,-13.110,3.293,-24.146
1573804616523,2019-11-15T15.56.56.523,29.406,-15.000,-2.988,-25.061
1573804616534,2019-11-15T15.56.56.534,29.417,-16.585,-9.146,-25.366
1573804616544,2019-11-15T15.56.56.544,29.427,-17.317,-14.756,-25.854
1573804616554,2019-11-15T15.56.56.554,29.437,-17.073,-20.183,-26.890
1573804616564,2019-11-15T15.56.56.564,29.447,-16.159,-24.817,-28.537
1573804616575,2019-11-15T15.56.56.575,29.458,-15.610,-28.598,-30.427
1573804616585,2019-11-15T15.56.56.585,29.468,-15.671,-31.951,-32.195
1573804616595,2019-11-15T15.56.56.595,29.478,-16.524,-34.329,-33.598
1573804616605,2019-11-15T15.56.56.605,29.488,-18.293,-35.610,-34.512
1573804616614,2019-11-15T15.56.56.614,29.497,-20.671,-36.098,-34.695
1573804616625,2019-11-15T15.56.56.625,29.508,-22.378,-36.646,-33.537
1573804616635,2019-11-15T15.56.56.635,29.518,-27.683,-37.439,-30.000
1573804616645,2019-11-15T15.56.56.645,29.528,-35.366,-39.024,-26.220
1573804616655,2019-11-15T15.56.56.655,29.538,-37.927,-39.024,-26.220
1573804616666,2019-11-15T15.56.56.666,29.549,-40.549,-33.598,-28.841
1573804616676,2019-11-15T15.56.56.676,29.559,-44.756,-25.671,-30.183
1573804616686,2019-11-15T15.56.56.686,29.569,-45.915,-20.000,-29.146
1573804616696,2019-11-15T15.56.56.696,29.579,-43.476,-15.976,-27.073
1573804616707,2019-11-15T15.56.56.707,29.590,-39.451,-12.622,-25.122
1573804616717,2019-11-15T15.56.56.717,29.600,-35.305,-10.244,-23.110
1573804616727,2019-11-15T15.56.56.727,29.610,-31.829,-8.720,-20.854
1573804616737,2019-11-15T15.56.56.737,29.620,-28.780,-7.195,-18.171
1573804616748,2019-11-15T15.56.56.748,29.631,-25.976,-5.244,-15.488
1573804616756,2019-11-15T15.56.56.756,29.639,-23.537,-4.207,-12.439
1573804616767,2019-11-15T15.56.56.767,29.650,-21.402,-5.122,-9.085
1573804616777,2019-11-15T15.56.56.777,29.660,-20.000,-6.890,-5.854
1573804616787,2019-11-15T15.56.56.787,29.670,-19.390,-8.171,-3.354
1573804616797,2019-11-15T15.56.56.797,29.680,-19.573,-8.659,-1.829
1573804616808,2019-11-15T15.56.56.808,29.691,-20.305,-8.049,-0.671
1573804616818,2019-11-15T15.56.56.818,29.701,-21.037,-6.768,-0.122
1573804616828,2019-11-15T15.56.56.828,29.711,-21.768,-5.549,0.244
1573804616838,2019-11-15T15.56.56.838,29.721,-22.683,-4.695,0.671
1573804616849,2019-11-15T15.56.56.849,29.732,-23.110,-5.061,1.463
1573804616859,2019-11-15T15.56.56.859,29.742,-23.232,-6.220,2.439
1573804616869,2019-11-15T15.56.56.869,29.752,-23.598,-7.622,3.598
1573804616878,2019-11-15T15.56.56.878,29.761,-23.841,-8.902,4.939
1573804616888,2019-11-15T15.56.56.888,29.771,-23.963,-9.939,6.280
1573804616898,2019-11-15T15.56.56.898,29.781,-23.232,-10.732,7.622
1573804616909,2019-11-15T15.56.56.909,29.792,-21.829,-11.220,9.085
1573804616919,2019-11-15T15.56.56.919,29.802,-19.878,-11.280,10.305
1573804616929,2019-11-15T15.56.56.929,29.812,-17.683,-10.610,10.976
1573804616939,2019-11-15T15.56.56.939,29.822,-15.427,-9.207,11.037
1573804616950,2019-11-15T15.56.56.950,29.833,-13.232,-7.317,11.341
1573804616960,2019-11-15T15.56.56.960,29.843,-11.768,-5.732,12.012
1573804616970,2019-11-15T15.56.56.970,29.853,-10.305,-4.878,12.561
1573804616980,2019-11-15T15.56.56.980,29.863,-9.451,-4.146,13.232
1573804616991,2019-11-15T15.56.56.991,29.874,-9.329,-3.963,13.476
1573804617001,2019-11-15T15.56.57.001,29.884,-10.671,-4.329,13.171
1573804617010,2019-11-15T15.56.57.010,29.893,-14.817,-4.939,12.561
1573804617020,2019-11-15T15.56.57.020,29.903,-16.220,-5.976,10.854
1573804617030,2019-11-15T15.56.57.030,29.913,-13.476,-6.890,8.110
1573804617041,2019-11-15T15.56.57.041,29.924,-10.488,-6.402,5.244
1573804617051,2019-11-15T15.56.57.051,29.934,-7.317,-5.793,2.744
1573804617061,2019-11-15T15.56.57.061,29.944,-3.415,-5.793,0.732
1573804617071,2019-11-15T15.56.57.071,29.954,0.915,-6.402,-0.610
1573804617082,2019-11-15T15.56.57.082,29.965,4.756,-7.317,-1.220
1573804617092,2019-11-15T15.56.57.092,29.975,7.500,-8.476,-1.646
1573804617102,2019-11-15T15.56.57.102,29.985,9.085,-9.329,-2.012
1573804617112,2019-11-15T15.56.57.112,29.995,8.902,-9.451,-2.439
1573804617123,2019-11-15T15.56.57.123,30.006,7.195,-9.146,-2.500
1573804617133,2019-11-15T15.56.57.133,30.016,4.512,-8.780,-2.317
1573804617142,2019-11-15T15.56.57.142,30.025,2.134,-8.049,-2.744
1573804617152,2019-11-15T15.56.57.152,30.035,0.122,-7.134,-3.293
1573804617162,2019-11-15T15.56.57.162,30.045,-1.646,-6.098,-3.659
1573804617172,2019-11-15T15.56.57.172,30.055,-2.744,-5.061,-3.963
1573804617183,2019-11-15T15.56.57.183,30.066,-2.622,-4.146,-4.024
1573804617193,2019-11-15T15.56.57.193,30.076,-1.646,-3.293,-3.720
1573804617203,2019-11-15T15.56.57.203,30.086,-0.610,-2.866,-3.293
1573804617213,2019-11-15T15.56.57.213,30.096,0.976,-2.866,-2.500
1573804617224,2019-11-15T15.56.57.224,30.107,3.232,-3.171,-1.341
1573804617234,2019-11-15T15.56.57.234,30.117,5.610,-3.537,-0.244
1573804617244,2019-11-15T15.56.57.244,30.127,7.866,-3.902,0.854
1573804617254,2019-11-15T15.56.57.254,30.137,9.878,-4.451,2.012
1573804617265,2019-11-15T15.56.57.265,30.148,11.646,-4.756,2.622
1573804617273,2019-11-15T15.56.57.273,30.156,12.988,-4.512,2.683
1573804617284,2019-11-15T15.56.57.284,30.167,13.963,-4.329,2.683
1573804617294,2019-11-15T15.56.57.294,30.177,14.756,-4.573,2.622
1573804617304,2019-11-15T15.56.57.304,30.187,14.878,-4.878,2.561
1573804617314,2019-11-15T15.56.57.314,30.197,14.939,-5.305,2.134
1573804617325,2019-11-15T15.56.57.325,30.208,14.817,-5.610,1.646
1573804617335,2019-11-15T15.56.57.335,30.218,14.329,-5.671,1.280
1573804617345,2019-11-15T15.56.57.345,30.228,13.720,-5.976,1.159
1573804617355,2019-11-15T15.56.57.355,30.238,12.866,-6.707,0.793
1573804617366,2019-11-15T15.56.57.366,30.249,12.012,-7.561,0.427
1573804617376,2019-11-15T15.56.57.376,30.259,10.915,-8.720,0.061
1573804617386,2019-11-15T15.56.57.386,30.269,9.939,-9.939,-0.549
1573804617396,2019-11-15T15.56.57.396,30.279,9.085,-10.854,-1.037
1573804617405,2019-11-15T15.56.57.405,30.288,8.415,-11.829,-1.159
1573804617416,2019-11-15T15.56.57.416,30.299,7.866,-12.744,-1.220
1573804617426,2019-11-15T15.56.57.426,30.309,7.683,-13.841,-1.098
1573804617436,2019-11-15T15.56.57.436,30.319,7.988,-14.939,-0.854
1573804617446,2019-11-15T15.56.57.446,30.329,8.476,-15.976,-0.427
1573804617457,2019-11-15T15.56.57.457,30.340,9.146,-17.012,0.061
1573804617467,2019-11-15T15.56.57.467,30.350,10.000,-17.866,0.732
1573804617477,2019-11-15T15.56.57.477,30.360,10.915,-18.659,1.341
1573804617487,2019-11-15T15.56.57.487,30.370,11.524,-19.512,2.134
1573804617498,2019-11-15T15.56.57.498,30.381,11.829,-20.244,2.744
1573804617508,2019-11-15T15.56.57.508,30.391,11.585,-20.610,3.476
1573804617518,2019-11-15T15.56.57.518,30.401,10.671,-20.610,4.207
1573804617528,2019-11-15T15.56.57.528,30.411,9.817,-20.427,4.939
1573804617537,2019-11-15T15.56.57.537,30.420,9.024,-20.305,5.671
1573804617547,2019-11-15T15.56.57.547,30.430,8.476,-20.427,6.646
1573804617558,2019-11-15T15.56.57.558,30.441,8.110,-20.549,7.439
1573804617568,2019-11-15T15.56.57.568,30.451,7.744,-20.549,8.232
1573804617578,2019-11-15T15.56.57.578,30.461,7.622,-20.671,8.963
1573804617588,2019-11-15T15.56.57.588,30.471,7.805,-21.037,9.756
1573804617599,2019-11-15T15.56.57.599,30.482,8.232,-21.159,10.061
1573804617609,2019-11-15T15.56.57.609,30.492,8.476,-20.915,9.817
1573804617619,2019-11-15T15.56.57.619,30.502,8.293,-20.488,9.146
1573804617629,2019-11-15T15.56.57.629,30.512,7.500,-19.512,8.110
1573804617640,2019-11-15T15.56.57.640,30.523,6.098,-18.415,7.012
1573804617650,2019-11-15T15.56.57.650,30.533,4.817,-17.500,6.159
1573804617660,2019-11-15T15.56.57.660,30.543,3.354,-16.890,5.549
1573804617669,2019-11-15T15.56.57.669,30.552,1.524,-16.524,5.000
1573804617679,2019-11-15T15.56.57.679,30.562,-0.183,-15.976,4.817
1573804617689,2019-11-15T15.56.57.689,30.572,-1.341,-15.427,4.512
1573804617700,2019-11-15T15.56.57.700,30.583,-1.890,-14.451,4.146
1573804617710,2019-11-15T15.56.57.710,30.593,-2.073,-13.476,3.780
1573804617720,2019-11-15T15.56.57.720,30.603,-2.073,-12.439,3.354
1573804617730,2019-11-15T15.56.57.730,30.613,-1.585,-11.280,2.988
1573804617741,2019-11-15T15.56.57.741,30.624,-0.854,-10.488,2.622
1573804617751,2019-11-15T15.56.57.751,30.634,-0.122,-9.878,2.439
1573804617761,2019-11-15T15.56.57.761,30.644,0.732,-9.268,2.378
1573804617771,2019-11-15T15.56.57.771,30.654,1.707,-8.780,2.195
1573804617782,2019-11-15T15.56.57.782,30.665,2.561,-8.780,1.829
1573804617792,2019-11-15T15.56.57.792,30.675,3.354,-8.720,1.159
1573804617801,2019-11-15T15.56.57.801,30.684,4.024,-8.537,0.366
1573804617811,2019-11-15T15.56.57.811,30.694,4.878,-8.415,-0.427
1573804617821,2019-11-15T15.56.57.821,30.704,5.732,-8.537,-1.280
1573804617832,2019-11-15T15.56.57.832,30.715,6.646,-8.598,-1.707
1573804617842,2019-11-15T15.56.57.842,30.725,7.256,-8.537,-2.012
1573804617852,2019-11-15T15.56.57.852,30.735,7.866,-8.476,-2.195
1573804617862,2019-11-15T15.56.57.862,30.745,8.415,-8.476,-2.195
1573804617873,2019-11-15T15.56.57.873,30.756,8.720,-8.598,-1.951
1573804617883,2019-11-15T15.56.57.883,30.766,9.329,-8.841,-1.829
1573804617893,2019-11-15T15.56.57.893,30.776,9.878,-9.024,-1.768
1573804617903,2019-11-15T15.56.57.903,30.786,10.549,-9.207,-1.585
1573804617914,2019-11-15T15.56.57.914,30.797,11.159,-9.146,-1.402
1573804617924,2019-11-15T15.56.57.924,30.807,11.829,-9.207,-1.341
1573804617933,2019-11-15T15.56.57.933,30.816,12.622,-9.268,-1.280
1573804617943,2019-11-15T15.56.57.943,30.826,13.293,-9.024,-1.402
1573804617953,2019-11-15T15.56.57.953,30.836,14.024,-8.780,-1.402
1573804617963,2019-11-15T15.56.57.963,30.846,14.634,-8.537,-1.524
1573804617974,2019-11-15T15.56.57.974,30.857,14.634,-8.110,-1.646
1573804617984,2019-11-15T15.56.57.984,30.867,14.268,-7.195,-1.829
1573804617994,2019-11-15T15.56.57.994,30.877,13.537,-6.341,-2.256
1573804618004,2019-11-15T15.56.58.004,30.887,12.439,-5.610,-2.683
1573804618015,2019-11-15T15.56.58.015,30.898,11.280,-4.878,-3.049
1573804618025,2019-11-15T15.56.58.025,30.908,10.305,-4.329,-3.537
1573804618035,2019-11-15T15.56.58.035,30.918,9.573,-4.085,-3.720
1573804618045,2019-11-15T15.56.58.045,30.928,9.329,-4.146,-3.963
1573804618056,2019-11-15T15.56.58.056,30.939,9.573,-4.024,-4.329
1573804618064,2019-11-15T15.56.58.064,30.947,10.000,-3.902,-4.695
1573804618075,2019-11-15T15.56.58.075,30.958,10.488,-3.902,-5.000
1573804618085,2019-11-15T15.56.58.085,30.968,10.793,-3.780,-5.183
1573804618095,2019-11-15T15.56.58.095,30.978,10.671,-3.720,-5.427
1573804618105,2019-11-15T15.56.58.105,30.988,10.427,-3.476,-5.549
1573804618116,2019-11-15T15.56.58.116,30.999,9.878,-3.415,-5.305
1573804618126,2019-11-15T15.56.58.126,31.009,9.695,-3.841,-4.817
1573804618136,2019-11-15T15.56.58.136,31.019,9.634,-4.451,-4.024
1573804618146,2019-11-15T15.56.58.146,31.029,9.817,-4.939,-3.232
1573804618157,2019-11-15T15.56.58.157,31.040,10.366,-5.061,-2.500
1573804618167,2019-11-15T15.56.58.167,31.050,11.341,-4.939,-2.012
1573804618177,2019-11-15T15.56.58.177,31.060,12.744,-4.756,-1.768
1573804618187,2019-11-15T15.56.58.187,31.070,14.268,-4.512,-1.402
1573804618196,2019-11-15T15.56.58.196,31.079,15.366,-4.268,-1.098
1573804618207,2019-11-15T15.56.58.207,31.090,16.037,-3.780,-1.098
1573804618217,2019-11-15T15.56.58.217,31.100,16.220,-3.232,-1.280
1573804618227,2019-11-15T15.56.58.227,31.110,16.280,-2.439,-1.524
1573804618237,2019-11-15T15.56.58.237,31.120,16.159,-2.012,-1.707
1573804618248,2019-11-15T15.56.58.248,31.131,16.098,-1.707,-1.463
1573804618258,2019-11-15T15.56.58.258,31.141,15.976,-1.524,-1.280
1573804618268,2019-11-15T15.56.58.268,31.151,16.159,-1.524,-1.037
1573804618278,2019-11-15T15.56.58.278,31.161,16.463,-1.524,-0.793
1573804618289,2019-11-15T15.56.58.289,31.172,17.256,-1.585,-0.366
1573804618299,2019-11-15T15.56.58.299,31.182,18.110,-2.012,0.427
1573804618309,2019-11-15T15.56.58.309,31.192,18.963,-2.439,0.976
1573804618319,2019-11-15T15.56.58.319,31.202,19.634,-2.622,1.220
1573804618328,2019-11-15T15.56.58.328,31.211,19.939,-2.744,1.463
1573804618338,2019-11-15T15.56.58.338,31.221,20.183,-3.049,1.768
1573804618349,2019-11-15T15.56.58.349,31.232,20.061,-3.232,2.195
1573804618359,2019-11-15T15.56.58.359,31.242,19.817,-3.537,2.622
1573804618369,2019-11-15T15.56.58.369,31.252,19.512,-4.146,3.110
1573804618379,2019-11-15T15.56.58.379,31.262,18.902,-5.061,3.537
1573804618390,2019-11-15T15.56.58.390,31.273,17.378,-5.854,3.659
1573804618400,2019-11-15T15.56.58.400,31.283,15.549,-6.220,3.293
1573804618410,2019-11-15T15.56.58.410,31.293,13.537,-6.463,2.744
1573804618420,2019-11-15T15.56.58.420,31.303,11.524,-6.707,2.012
1573804618431,2019-11-15T15.56.58.431,31.314,9.756,-6.890,1.098
1573804618441,2019-11-15T15.56.58.441,31.324,8.232,-6.951,0.427
1573804618451,2019-11-15T15.56.58.451,31.334,6.890,-7.195,-0.183
1573804618460,2019-11-15T15.56.58.460,31.343,5.976,-7.378,-0.671
1573804618470,2019-11-15T15.56.58.470,31.353,5.183,-7.500,-1.098
1573804618480,2019-11-15T15.56.58.480,31.363,4.695,-7.439,-1.402
1573804618491,2019-11-15T15.56.58.491,31.374,4.451,-7.256,-1.524
1573804618501,2019-11-15T15.56.58.501,31.384,4.634,-7.134,-1.524
1573804618511,2019-11-15T15.56.58.511,31.394,4.634,-7.073,-1.524
1573804618521,2019-11-15T15.56.58.521,31.404,4.939,-7.195,-1.220
1573804618532,2019-11-15T15.56.58.532,31.415,5.549,-7.439,-1.037
1573804618542,2019-11-15T15.56.58.542,31.425,6.463,-7.683,-0.854
1573804618552,2019-11-15T15.56.58.552,31.435,7.622,-7.988,-0.671
1573804618562,2019-11-15T15.56.58.562,31.445,8.659,-8.293,-0.244
1573804618573,2019-11-15T15.56.58.573,31.456,9.878,-8.598,0.183
1573804618583,2019-11-15T15.56.58.583,31.466,10.915,-9.146,0.671
1573804618592,2019-11-15T15.56.58.592,31.475,11.646,-9.573,0.854
1573804618602,2019-11-15T15.56.58.602,31.485,11.951,-9.756,0.915
1573804618612,2019-11-15T15.56.58.612,31.495,12.012,-9.939,0.854
1573804618623,2019-11-15T15.56.58.623,31.506,12.012,-10.122,0.671
1573804618633,2019-11-15T15.56.58.633,31.516,11.890,-10.061,0.427
1573804618643,2019-11-15T15.56.58.643,31.526,11.707,-10.000,0.427
1573804618653,2019-11-15T15.56.58.653,31.536,11.646,-10.183,0.305
1573804618664,2019-11-15T15.56.58.664,31.547,11.402,-10.305,0.061
1573804618674,2019-11-15T15.56.58.674,31.557,11.341,-10.305,-0.122
1573804618684,2019-11-15T15.56.58.684,31.567,11.341,-10.366,-0.122
1573804618694,2019-11-15T15.56.58.694,31.577,11.402,-10.488,0.427
1573804618705,2019-11-15T15.56.58.705,31.588,11.707,-11.341,1.159
1573804618715,2019-11-15T15.56.58.715,31.598,12.073,-12.073,1.463
1573804618724,2019-11-15T15.56.58.724,31.607,12.256,-12.256,1.524
1573804618734,2019-11-15T15.56.58.734,31.617,12.561,-12.195,1.402
1573804618744,2019-11-15T15.56.58.744,31.627,12.927,-11.951,1.098
1573804618754,2019-11-15T15.56.58.754,31.637,13.415,-11.646,0.671
1573804618765,2019-11-15T15.56.58.765,31.648,13.720,-11.402,0.061
1573804618775,2019-11-15T15.56.58.775,31.658,13.963,-11.463,-0.671
1573804618785,2019-11-15T15.56.58.785,31.668,14.207,-11.280,-1.707
1573804618795,2019-11-15T15.56.58.795,31.678,14.207,-10.854,-2.866
1573804618806,2019-11-15T15.56.58.806,31.689,14.268,-10.488,-3.841
1573804618816,2019-11-15T15.56.58.816,31.699,14.268,-10.244,-4.634
1573804618826,2019-11-15T15.56.58.826,31.709,14.329,-10.000,-5.366
1573804618836,2019-11-15T15.56.58.836,31.719,13.963,-9.634,-5.976
1573804618845,2019-11-15T15.56.58.845,31.728,13.659,-9.146,-6.646
1573804618855,2019-11-15T15.56.58.855,31.738,13.659,-8.537,-7.195
1573804618866,2019-11-15T15.56.58.866,31.749,13.476,-8.171,-7.622
1573804618876,2019-11-15T15.56.58.876,31.759,13.598,-7.805,-7.927
1573804618886,2019-11-15T15.56.58.886,31.769,13.537,-7.561,-8.293
1573804618896,2019-11-15T15.56.58.896,31.779,13.720,-7.073,-8.780
1573804618907,2019-11-15T15.56.58.907,31.790,13.963,-6.341,-9.268
1573804618917,2019-11-15T15.56.58.917,31.800,14.146,-5.549,-10.000
1573804618927,2019-11-15T15.56.58.927,31.810,14.268,-5.061,-10.671
1573804618937,2019-11-15T15.56.58.937,31.820,14.329,-4.878,-10.732
1573804618948,2019-11-15T15.56.58.948,31.831,14.268,-4.756,-10.793
1573804618958,2019-11-15T15.56.58.958,31.841,14.085,-4.634,-11.220
1573804618968,2019-11-15T15.56.58.968,31.851,13.659,-5.122,-11.646
1573804618977,2019-11-15T15.56.58.977,31.860,13.232,-5.732,-11.829
1573804618987,2019-11-15T15.56.58.987,31.870,12.744,-6.341,-11.707
1573804618998,2019-11-15T15.56.58.998,31.881,12.256,-7.012,-11.829
1573804619008,2019-11-15T15.56.59.008,31.891,11.646,-7.866,-12.073
1573804619018,2019-11-15T15.56.59.018,31.901,10.915,-8.598,-12.500
1573804619028,2019-11-15T15.56.59.028,31.911,9.939,-9.268,-12.988
1573804619039,2019-11-15T15.56.59.039,31.922,9.024,-9.817,-13.415
1573804619049,2019-11-15T15.56.59.049,31.932,8.232,-10.366,-13.963
1573804619059,2019-11-15T15.56.59.059,31.942,7.500,-10.793,-14.390
1573804619069,2019-11-15T15.56.59.069,31.952,6.951,-11.402,-14.817
1573804619080,2019-11-15T15.56.59.080,31.963,6.402,-11.951,-15.244
1573804619090,2019-11-15T15.56.59.090,31.973,5.854,-12.622,-15.732
1573804619100,2019-11-15T15.56.59.100,31.983,5.305,-13.171,-16.463
1573804619109,2019-11-15T15.56.59.109,31.992,4.817,-13.598,-17.256
1573804619119,2019-11-15T15.56.59.119,32.002,4.695,-13.659,-18.049
1573804619129,2019-11-15T15.56.59.129,32.012,4.817,-13.780,-18.780
1573804619140,2019-11-15T15.56.59.140,32.023,5.427,-14.085,-19.573
1573804619150,2019-11-15T15.56.59.150,32.033,6.402,-14.451,-20.000
1573804619160,2019-11-15T15.56.59.160,32.043,7.561,-15.122,-20.183
1573804619170,2019-11-15T15.56.59.170,32.053,8.659,-15.854,-20.366
1573804619181,2019-11-15T15.56.59.181,32.064,9.512,-16.646,-20.732
1573804619191,2019-11-15T15.56.59.191,32.074,10.122,-17.012,-21.341
1573804619201,2019-11-15T15.56.59.201,32.084,10.671,-17.134,-21.890
1573804619211,2019-11-15T15.56.59.211,32.094,11.280,-17.439,-22.439
1573804619222,2019-11-15T15.56.59.222,32.105,11.768,-17.683,-23.171
1573804619232,2019-11-15T15.56.59.232,32.115,12.256,-17.561,-23.963
1573804619242,2019-11-15T15.56.59.242,32.125,12.683,-17.317,-24.573
1573804619251,2019-11-15T15.56.59.251,32.134,13.110,-17.195,-24.634
1573804619261,2019-11-15T15.56.59.261,32.144,13.476,-17.622,-24.268
1573804619271,2019-11-15T15.56.59.271,32.154,14.085,-18.841,-23.293
1573804619282,2019-11-15T15.56.59.282,32.165,14.451,-20.183,-22.256
1573804619292,2019-11-15T15.56.59.292,32.175,14.390,-21.159,-21.463
1573804619302,2019-11-15T15.56.59.302,32.185,14.085,-21.707,-21.037
1573804619312,2019-11-15T15.56.59.312,32.195,13.841,-22.073,-20.610
1573804619323,2019-11-15T15.56.59.323,32.206,13.537,-22.500,-20.183
1573804619333,2019-11-15T15.56.59.333,32.216,12.988,-22.988,-19.634
1573804619343,2019-11-15T15.56.59.343,32.226,12.439,-23.659,-18.841
1573804619354,2019-11-15T15.56.59.354,32.237,11.707,-24.451,-17.683
1573804619364,2019-11-15T15.56.59.364,32.247,10.671,-25.305,-16.463
1573804619373,2019-11-15T15.56.59.373,32.256,9.268,-25.915,-15.061
1573804619383,2019-11-15T15.56.59.383,32.266,7.805,-26.341,-13.598
1573804619393,2019-11-15T15.56.59.393,32.276,6.037,-26.768,-12.195
1573804619403,2019-11-15T15.56.59.403,32.286,4.268,-27.073,-10.793
1573804619414,2019-11-15T15.56.59.414,32.297,2.744,-27.256,-9.451
1573804619424,2019-11-15T15.56.59.424,32.307,1.463,-27.256,-8.171
1573804619434,2019-11-15T15.56.59.434,32.317,0.427,-27.256,-6.585
1573804619444,2019-11-15T15.56.59.444,32.327,-0.305,-27.256,-4.878
1573804619455,2019-11-15T15.56.59.455,32.338,-0.976,-27.256,-3.354
1573804619465,2019-11-15T15.56.59.465,32.348,-1.585,-27.195,-1.829
1573804619475,2019-11-15T15.56.59.475,32.358,-2.256,-27.012,-0.427
1573804619485,2019-11-15T15.56.59.485,32.368,-2.805,-26.890,0.671
1573804619496,2019-11-15T15.56.59.496,32.379,-3.476,-27.073,1.585
1573804619504,2019-11-15T15.56.59.504,32.387,-4.024,-27.256,2.134
1573804619515,2019-11-15T15.56.59.515,32.398,-4.451,-27.500,2.378
1573804619525,2019-11-15T15.56.59.525,32.408,-4.451,-27.805,2.378
1573804619535,2019-11-15T15.56.59.535,32.418,-4.329,-28.049,2.317
1573804619545,2019-11-15T15.56.59.545,32.428,-4.329,-28.232,2.073
1573804619556,2019-11-15T15.56.59.556,32.439,-4.634,-28.476,1.768
1573804619566,2019-11-15T15.56.59.566,32.449,-4.939,-28.841,1.646
1573804619576,2019-11-15T15.56.59.576,32.459,-5.549,-29.146,1.402
1573804619586,2019-11-15T15.56.59.586,32.469,-6.220,-29.207,1.098
1573804619597,2019-11-15T15.56.59.597,32.480,-6.951,-29.329,0.671
1573804619607,2019-11-15T15.56.59.607,32.490,-7.500,-29.207,0.488
1573804619617,2019-11-15T15.56.59.617,32.500,-7.805,-29.146,0.427
1573804619627,2019-11-15T15.56.59.627,32.510,-8.049,-29.085,0.671
1573804619636,2019-11-15T15.56.59.636,32.519,-8.476,-29.207,1.220
1573804619646,2019-11-15T15.56.59.646,32.529,-8.720,-29.390,2.012
1573804619657,2019-11-15T15.56.59.657,32.540,-9.085,-29.451,2.744
1573804619667,2019-11-15T15.56.59.667,32.550,-9.817,-29.390,3.415
1573804619677,2019-11-15T15.56.59.677,32.560,-10.305,-29.451,4.146
1573804619687,2019-11-15T15.56.59.687,32.570,-10.793,-29.451,4.939
1573804619698,2019-11-15T15.56.59.698,32.581,-11.098,-29.207,5.488
1573804619708,2019-11-15T15.56.59.708,32.591,-11.037,-28.902,5.732
1573804619718,2019-11-15T15.56.59.718,32.601,-10.366,-28.354,5.793
1573804619729,2019-11-15T15.56.59.729,32.612,-9.207,-27.805,5.549
1573804619739,2019-11-15T15.56.59.739,32.622,-7.927,-27.317,5.244
1573804619749,2019-11-15T15.56.59.749,32.632,-6.524,-26.768,4.756
1573804619759,2019-11-15T15.56.59.759,32.642,-4.695,-26.463,4.451
1573804619768,2019-11-15T15.56.59.768,32.651,-3.049,-26.280,4.085
1573804619778,2019-11-15T15.56.59.778,32.661,-1.890,-26.159,3.293
1573804619789,2019-11-15T15.56.59.789,32.672,-0.976,-25.366,2.073
1573804619799,2019-11-15T15.56.59.799,32.682,-0.183,-24.146,0.488
1573804619809,2019-11-15T15.56.59.809,32.692,0.854,-23.110,-1.098
1573804619819,2019-11-15T15.56.59.819,32.702,2.134,-22.378,-1.951
1573804619830,2019-11-15T15.56.59.830,32.713,3.171,-22.378,-2.439
1573804619840,2019-11-15T15.56.59.840,32.723,4.573,-22.378,-2.988
1573804619850,2019-11-15T15.56.59.850,32.733,5.793,-22.195,-3.415
1573804619860,2019-11-15T15.56.59.860,32.743,6.463,-22.256,-3.537
1573804619871,2019-11-15T15.56.59.871,32.754,6.402,-22.378,-3.293
1573804619881,2019-11-15T15.56.59.881,32.764,5.610,-22.256,-2.561
1573804619891,2019-11-15T15.56.59.891,32.774,4.024,-22.134,-1.463
1573804619900,2019-11-15T15.56.59.900,32.783,2.012,-22.073,-0.183
1573804619910,2019-11-15T15.56.59.910,32.793,0.061,-21.890,1.524
1573804619920,2019-11-15T15.56.59.920,32.803,-1.951,-21.829,3.293
1573804619931,2019-11-15T15.56.59.931,32.814,-3.598,-21.646,5.305
1573804619941,2019-11-15T15.56.59.941,32.824,-4.878,-21.829,7.683
1573804619951,2019-11-15T15.56.59.951,32.834,-5.671,-22.317,10.427
1573804619961,2019-11-15T15.56.59.961,32.844,-5.549,-23.232,13.232
1573804619972,2019-11-15T15.56.59.972,32.855,-6.037,-24.329,16.463
1573804619982,2019-11-15T15.56.59.982,32.865,-7.622,-25.671,19.451
1573804619992,2019-11-15T15.56.59.992,32.875,-9.207,-26.951,22.378
1573804620002,2019-11-15T15.57.00.002,32.885,-10.671,-27.744,25.183
1573804620013,2019-11-15T15.57.00.013,32.896,-12.012,-27.805,27.012
1573804620023,2019-11-15T15.57.00.023,32.906,-11.890,-27.622,27.622
1573804620032,2019-11-15T15.57.00.032,32.915,-10.549,-27.378,27.439
1573804620042,2019-11-15T15.57.00.042,32.925,-8.720,-27.073,26.524
1573804620052,2019-11-15T15.57.00.052,32.935,-7.134,-26.463,25.000
1573804620062,2019-11-15T15.57.00.062,32.945,-5.732,-25.427,22.622
1573804620073,2019-11-15T15.57.00.073,32.956,-4.451,-24.329,20.488
1573804620083,2019-11-15T15.57.00.083,32.966,-3.293,-23.415,18.963
1573804620093,2019-11-15T15.57.00.093,32.976,-2.561,-22.866,17.256
1573804620104,2019-11-15T15.57.00.104,32.987,-2.195,-22.805,15.854
1573804620114,2019-11-15T15.57.00.114,32.997,-1.768,-23.049,14.756
1573804620124,2019-11-15T15.57.00.124,33.007,-1.280,-22.927,13.598
1573804620134,2019-11-15T15.57.00.134,33.017,-0.610,-22.439,12.012
1573804620145,2019-11-15T15.57.00.145,33.028,0.183,-21.585,10.183
1573804620155,2019-11-15T15.57.00.155,33.038,0.976,-20.488,8.293
1573804620164,2019-11-15T15.57.00.164,33.047,1.890,-19.451,6.220
1573804620174,2019-11-15T15.57.00.174,33.057,2.622,-18.415,4.207
1573804620184,2019-11-15T15.57.00.184,33.067,3.232,-17.378,2.378
1573804620194,2019-11-15T15.57.00.194,33.077,3.720,-16.646,0.915
1573804620205,2019-11-15T15.57.00.205,33.088,3.720,-16.280,-0.122
1573804620215,2019-11-15T15.57.00.215,33.098,3.415,-16.280,-0.732
1573804620225,2019-11-15T15.57.00.225,33.108,2.683,-16.707,-0.732
1573804620235,2019-11-15T15.57.00.235,33.118,1.402,-17.012,-0.732
1573804620246,2019-11-15T15.57.00.246,33.129,-0.549,-17.195,-0.793
1573804620256,2019-11-15T15.57.00.256,33.139,-2.317,-17.561,-1.341
1573804620266,2019-11-15T15.57.00.266,33.149,-3.659,-18.415,-1.768
1573804620276,2019-11-15T15.57.00.276,33.159,-4.512,-19.451,-2.134
1573804620287,2019-11-15T15.57.00.287,33.170,-4.573,-20.854,-2.134
1573804620295,2019-11-15T15.57.00.295,33.178,-3.841,-22.378,-2.195
1573804620306,2019-11-15T15.57.00.306,33.189,-2.927,-23.537,-2.378
1573804620316,2019-11-15T15.57.00.316,33.199,-1.646,-24.512,-2.317
1573804620326,2019-11-15T15.57.00.326,33.209,-0.061,-25.488,-2.073
1573804620336,2019-11-15T15.57.00.336,33.219,1.463,-26.280,-2.073
1573804620347,2019-11-15T15.57.00.347,33.230,2.561,-26.951,-2.012
1573804620357,2019-11-15T15.57.00.357,33.240,3.598,-27.561,-2.073
1573804620367,2019-11-15T15.57.00.367,33.250,4.268,-27.927,-2.439
1573804620377,2019-11-15T15.57.00.377,33.260,4.817,-28.659,-2.317
1573804620388,2019-11-15T15.57.00.388,33.271,4.878,-29.817,-1.890
1573804620398,2019-11-15T15.57.00.398,33.281,4.329,-30.854,-2.012
1573804620408,2019-11-15T15.57.00.408,33.291,3.354,-31.524,-2.500
1573804620418,2019-11-15T15.57.00.418,33.301,2.012,-31.768,-3.354
1573804620427,2019-11-15T15.57.00.427,33.310,0.427,-31.829,-4.512
1573804620437,2019-11-15T15.57.00.437,33.320,-1.402,-31.951,-6.220
1573804620448,2019-11-15T15.57.00.448,33.331,-2.927,-32.134,-7.866
1573804620458,2019-11-15T15.57.00.458,33.341,-4.451,-32.744,-9.268
1573804620468,2019-11-15T15.57.00.468,33.351,-5.610,-33.720,-10.305
1573804620479,2019-11-15T15.57.00.479,33.362,-6.463,-34.878,-10.976
1573804620489,2019-11-15T15.57.00.489,33.372,-6.768,-36.098,-11.402
1573804620499,2019-11-15T15.57.00.499,33.382,-6.524,-37.317,-11.524
1573804620509,2019-11-15T15.57.00.509,33.392,-6.037,-38.110,-11.402
1573804620520,2019-11-15T15.57.00.520,33.403,-5.427,-39.085,-11.098
1573804620530,2019-11-15T15.57.00.530,33.413,-4.756,-39.939,-10.732
1573804620540,2019-11-15T15.57.00.540,33.423,-4.207,-40.854,-10.244
1573804620550,2019-11-15T15.57.00.550,33.433,-3.780,-41.829,-9.512
1573804620559,2019-11-15T15.57.00.559,33.442,-3.780,-42.500,-8.902
1573804620569,2019-11-15T15.57.00.569,33.452,-4.024,-42.866,-8.415
1573804620580,2019-11-15T15.57.00.580,33.463,-4.024,-43.232,-7.744
1573804620590,2019-11-15T15.57.00.590,33.473,-3.476,-43.415,-7.256
1573804620600,2019-11-15T15.57.00.600,33.483,-2.500,-43.293,-6.890
1573804620610,2019-11-15T15.57.00.610,33.493,-1.098,-42.744,-6.524
1573804620621,2019-11-15T15.57.00.621,33.504,0.244,-42.012,-6.341
1573804620631,2019-11-15T15.57.00.631,33.514,1.646,-41.159,-6.220
1573804620641,2019-11-15T15.57.00.641,33.524,3.110,-40.122,-6.220
1573804620651,2019-11-15T15.57.00.651,33.534,4.268,-39.085,-6.463
1573804620662,2019-11-15T15.57.00.662,33.545,4.817,-38.171,-6.951
1573804620672,2019-11-15T15.57.00.672,33.555,5.000,-37.256,-7.500
1573804620682,2019-11-15T15.57.00.682,33.565,4.756,-36.463,-8.171
1573804620691,2019-11-15T15.57.00.691,33.574,4.512,-36.280,-8.841
1573804620701,2019-11-15T15.57.00.701,33.584,4.451,-37.195,-9.695
1573804620711,2019-11-15T15.57.00.711,33.594,4.573,-38.963,-11.159
1573804620722,2019-11-15T15.57.00.722,33.605,5.122,-40.671,-13.171
1573804620732,2019-11-15T15.57.00.732,33.615,6.159,-41.768,-15.000
1573804620742,2019-11-15T15.57.00.742,33.625,7.134,-42.378,-16.768
1573804620752,2019-11-15T15.57.00.752,33.635,8.415,-43.354,-18.232
1573804620763,2019-11-15T15.57.00.763,33.646,9.756,-44.207,-19.512
1573804620773,2019-11-15T15.57.00.773,33.656,11.098,-44.573,-20.427
1573804620783,2019-11-15T15.57.00.783,33.666,12.134,-44.268,-21.220
1573804620793,2019-11-15T15.57.00.793,33.676,13.110,-43.171,-21.646
1573804620804,2019-11-15T15.57.00.804,33.687,14.390,-41.768,-21.890
1573804620814,2019-11-15T15.57.00.814,33.697,15.793,-40.305,-21.768
1573804620823,2019-11-15T15.57.00.823,33.706,17.073,-38.841,-21.159
1573804620833,2019-11-15T15.57.00.833,33.716,18.293,-37.744,-20.305
1573804620843,2019-11-15T15.57.00.843,33.726,18.902,-36.768,-19.268
1573804620854,2019-11-15T15.57.00.854,33.737,18.415,-35.976,-18.171
1573804620864,2019-11-15T15.57.00.864,33.747,16.585,-35.488,-17.378
1573804620874,2019-11-15T15.57.00.874,33.757,13.841,-35.671,-16.890
1573804620884,2019-11-15T15.57.00.884,33.767,10.610,-36.585,-16.280
1573804620895,2019-11-15T15.57.00.895,33.778,6.524,-37.744,-15.732
1573804620905,2019-11-15T15.57.00.905,33.788,2.195,-38.720,-15.427
1573804620915,2019-11-15T15.57.00.915,33.798,-2.012,-39.573,-15.488
1573804620925,2019-11-15T15.57.00.925,33.808,-5.915,-40.488,-15.610
1573804620936,2019-11-15T15.57.00.936,33.819,-9.512,-41.585,-15.305
1573804620946,2019-11-15T15.57.00.946,33.829,-12.927,-43.232,-14.451
1573804620955,2019-11-15T15.57.00.955,33.838,-16.037,-44.695,-14.268
1573804620965,2019-11-15T15.57.00.965,33.848,-18.598,-45.305,-14.634
1573804620975,2019-11-15T15.57.00.975,33.858,-20.000,-45.793,-14.817
1573804620985,2019-11-15T15.57.00.985,33.868,-19.085,-46.037,-15.427
1573804620996,2019-11-15T15.57.00.996,33.879,-17.988,-44.878,-16.220
1573804621006,2019-11-15T15.57.01.006,33.889,-18.537,-42.561,-17.622
1573804621016,2019-11-15T15.57.01.016,33.899,-17.927,-40.183,-19.634
1573804621026,2019-11-15T15.57.01.026,33.909,-17.805,-38.171,-20.976
1573804621037,2019-11-15T15.57.01.037,33.920,-19.146,-36.646,-21.890
1573804621047,2019-11-15T15.57.01.047,33.930,-19.329,-34.939,-23.171
1573804621057,2019-11-15T15.57.01.057,33.940,-18.476,-32.195,-24.878
1573804621067,2019-11-15T15.57.01.067,33.950,-17.439,-28.841,-27.134
1573804621076,2019-11-15T15.57.01.076,33.959,-16.341,-25.122,-29.512
1573804621086,2019-11-15T15.57.01.086,33.969,-14.756,-21.524,-32.012
1573804621097,2019-11-15T15.57.01.097,33.980,-12.561,-18.354,-33.902
1573804621107,2019-11-15T15.57.01.107,33.990,-9.878,-16.159,-35.122
1573804621117,2019-11-15T15.57.01.117,34.000,-7.439,-14.756,-36.159
1573804621127,2019-11-15T15.57.01.127,34.010,-5.427,-13.537,-37.134
1573804621138,2019-11-15T15.57.01.138,34.021,-3.720,-12.927,-37.561
1573804621148,2019-11-15T15.57.01.148,34.031,-2.134,-13.049,-37.378
1573804621158,2019-11-15T15.57.01.158,34.041,-0.549,-14.024,-36.951
1573804621168,2019-11-15T15.57.01.168,34.051,0.976,-15.427,-35.976
1573804621179,2019-11-15T15.57.01.179,34.062,2.500,-17.561,-34.451
1573804621189,2019-11-15T15.57.01.189,34.072,4.207,-20.244,-32.378
1573804621199,2019-11-15T15.57.01.199,34.082,5.671,-23.293,-30.061
1573804621208,2019-11-15T15.57.01.208,34.091,7.195,-26.524,-27.805
1573804621218,2019-11-15T15.57.01.218,34.101,8.841,-29.390,-25.732
1573804621229,2019-11-15T15.57.01.229,34.112,10.793,-31.646,-24.146
1573804621239,2019-11-15T15.57.01.239,34.122,12.805,-33.293,-22.988
1573804621249,2019-11-15T15.57.01.249,34.132,14.817,-34.085,-22.073
1573804621259,2019-11-15T15.57.01.259,34.142,17.866,-34.207,-20.976
1573804621270,2019-11-15T15.57.01.270,34.153,20.183,-34.146,-19.634
1573804621280,2019-11-15T15.57.01.280,34.163,21.768,-34.207,-17.744
1573804621290,2019-11-15T15.57.01.290,34.173,22.256,-34.146,-15.488
1573804621300,2019-11-15T15.57.01.300,34.183,21.463,-34.024,-13.293
1573804621311,2019-11-15T15.57.01.311,34.194,20.122,-33.476,-11.098
1573804621321,2019-11-15T15.57.01.321,34.204,17.805,-32.561,-8.780
1573804621331,2019-11-15T15.57.01.331,34.214,14.695,-31.220,-6.463
1573804621340,2019-11-15T15.57.01.340,34.223,11.220,-29.756,-4.207
1573804621350,2019-11-15T15.57.01.350,34.233,7.317,-28.415,-1.890
1573804621360,2019-11-15T15.57.01.360,34.243,3.476,-27.195,0.732
1573804621371,2019-11-15T15.57.01.371,34.254,-0.061,-26.341,3.110
1573804621381,2019-11-15T15.57.01.381,34.264,-3.110,-25.366,5.183
1573804621391,2019-11-15T15.57.01.391,34.274,-5.793,-24.085,7.012
1573804621401,2019-11-15T15.57.01.401,34.284,-7.988,-22.439,8.293
1573804621412,2019-11-15T15.57.01.412,34.295,-9.207,-20.976,9.512
1573804621422,2019-11-15T15.57.01.422,34.305,-9.939,-19.695,10.610
1573804621432,2019-11-15T15.57.01.432,34.315,-9.817,-18.841,11.585
1573804621442,2019-11-15T15.57.01.442,34.325,-9.268,-18.659,12.256
1573804621453,2019-11-15T15.57.01.453,34.336,-8.780,-18.537,12.317
1573804621463,2019-11-15T15.57.01.463,34.346,-8.476,-17.805,11.768
1573804621473,2019-11-15T15.57.01.473,34.356,-7.988,-16.646,10.732
1573804621482,2019-11-15T15.57.01.482,34.365,-7.622,-15.549,10.061
1573804621492,2019-11-15T15.57.01.492,34.375,-7.195,-15.122,9.573
1573804621502,2019-11-15T15.57.01.502,34.385,-6.829,-15.000,9.146
1573804621513,2019-11-15T15.57.01.513,34.396,-6.220,-14.634,8.110
1573804621523,2019-11-15T15.57.01.523,34.406,-5.427,-13.720,6.524
1573804621533,2019-11-15T15.57.01.533,34.416,-4.634,-12.500,5.244
1573804621543,2019-11-15T15.57.01.543,34.426,-3.963,-11.768,4.390